L=6 bc=0 hs=0 V=4 seed=1926155102 flip=0 boundary=446 aux=2
operator,aux,sigma
81,0,-1
81,1,-1
81,2,1
82,0,-1
82,1,1
82,2,-1
85,0,-1
85,1,-1
85,2,-1
86,0,1
86,1,1
86,2,1
89,0,-1
89,1,-1
89,2,1
90,0,-1
90,1,-1
90,2,1
93,0,1
93,1,-1
93,2,1
94,0,1
94,1,1
94,2,1
97,0,-1
97,1,1
97,2,1
98,0,1
98,1,-1
98,2,1
101,0,1
101,1,1
101,2,-1
102,0,-1
102,1,-1
102,2,-1
105,0,-1
105,1,-1
105,2,1
106,0,1
106,1,-1
106,2,-1
109,0,-1
109,1,-1
109,2,-1
110,0,-1
110,1,-1
110,2,-1
113,0,-1
113,1,1
113,2,-1
114,0,1
114,1,1
114,2,1
117,0,-1
117,1,1
117,2,1
118,0,1
118,1,-1
118,2,1
121,0,1
121,1,-1
121,2,-1
122,0,1
122,1,1
122,2,-1
125,0,-1
125,1,1
125,2,-1
126,0,-1
126,1,-1
126,2,-1
129,0,1
129,1,-1
129,2,-1
130,0,-1
130,1,1
130,2,-1
133,0,-1
133,1,-1
133,2,1
134,0,1
134,1,1
134,2,1
137,0,1
137,1,-1
137,2,1
138,0,1
138,1,1
138,2,-1
141,0,-1
141,1,1
141,2,1
142,0,1
142,1,1
142,2,1
145,0,1
145,1,-1
145,2,1
146,0,-1
146,1,-1
146,2,-1
149,0,1
149,1,-1
149,2,1
150,0,-1
150,1,-1
150,2,-1
153,0,1
153,1,1
153,2,-1
154,0,1
154,1,1
154,2,-1
157,0,-1
157,1,1
157,2,-1
158,0,-1
158,1,1
158,2,1
161,0,1
161,1,-1
161,2,1
162,0,-1
162,1,-1
162,2,-1
165,0,1
165,1,-1
165,2,-1
166,0,-1
166,1,-1
166,2,1
169,0,1
169,1,-1
169,2,1
170,0,1
170,1,-1
170,2,1
173,0,-1
173,1,1
173,2,1
174,0,-1
174,1,-1
174,2,1
177,0,-1
177,1,-1
177,2,-1
178,0,1
178,1,1
178,2,1
181,0,-1
181,1,1
181,2,1
182,0,1
182,1,-1
182,2,1
185,0,-1
185,1,1
185,2,-1
186,0,-1
186,1,1
186,2,-1
189,0,-1
189,1,-1
189,2,1
190,0,-1
190,1,-1
190,2,1
193,0,-1
193,1,1
193,2,1
194,0,1
194,1,-1
194,2,-1
197,0,1
197,1,-1
197,2,-1
198,0,1
198,1,1
198,2,1
201,0,1
201,1,1
201,2,-1
202,0,1
202,1,-1
202,2,1
205,0,1
205,1,1
205,2,1
206,0,1
206,1,1
206,2,-1
209,0,-1
209,1,1
209,2,1
210,0,-1
210,1,-1
210,2,-1
213,0,1
213,1,1
213,2,-1
214,0,1
214,1,-1
214,2,-1
217,0,1
217,1,-1
217,2,-1
218,0,1
218,1,-1
218,2,1
221,0,-1
221,1,1
221,2,-1
222,0,-1
222,1,1
222,2,1
225,0,1
225,1,-1
225,2,1
226,0,-1
226,1,1
226,2,-1
229,0,-1
229,1,1
229,2,-1
230,0,1
230,1,1
230,2,-1
233,0,-1
233,1,1
233,2,-1
234,0,1
234,1,1
234,2,-1
237,0,-1
237,1,-1
237,2,-1
238,0,-1
238,1,1
238,2,1
241,0,-1
241,1,1
241,2,-1
242,0,1
242,1,1
242,2,-1
245,0,1
245,1,1
245,2,-1
246,0,1
246,1,-1
246,2,1
249,0,-1
249,1,-1
249,2,1
250,0,-1
250,1,1
250,2,-1
253,0,1
253,1,1
253,2,-1
254,0,1
254,1,-1
254,2,1
257,0,1
257,1,-1
257,2,1
258,0,-1
258,1,-1
258,2,-1
261,0,-1
261,1,-1
261,2,-1
262,0,1
262,1,1
262,2,-1
265,0,-1
265,1,-1
265,2,-1
266,0,1
266,1,-1
266,2,-1
269,0,-1
269,1,-1
269,2,-1
270,0,1
270,1,1
270,2,1
273,0,1
273,1,-1
273,2,1
274,0,1
274,1,1
274,2,-1
277,0,1
277,1,1
277,2,-1
278,0,1
278,1,1
278,2,1
281,0,1
281,1,1
281,2,1
282,0,1
282,1,1
282,2,-1
285,0,1
285,1,-1
285,2,-1
286,0,-1
286,1,1
286,2,-1
289,0,-1
289,1,1
289,2,1
290,0,-1
290,1,-1
290,2,-1
293,0,-1
293,1,-1
293,2,1
294,0,1
294,1,-1
294,2,-1
297,0,-1
297,1,-1
297,2,-1
298,0,-1
298,1,-1
298,2,-1
301,0,1
301,1,1
301,2,1
302,0,-1
302,1,-1
302,2,-1
305,0,-1
305,1,1
305,2,-1
306,0,1
306,1,-1
306,2,-1
309,0,1
309,1,1
309,2,-1
310,0,1
310,1,-1
310,2,-1
313,0,1
313,1,-1
313,2,-1
314,0,-1
314,1,-1
314,2,1
317,0,-1
317,1,-1
317,2,1
318,0,-1
318,1,-1
318,2,-1
321,0,-1
321,1,1
321,2,1
322,0,-1
322,1,1
322,2,-1
325,0,-1
325,1,1
325,2,-1
326,0,-1
326,1,1
326,2,1
329,0,-1
329,1,1
329,2,1
330,0,1
330,1,1
330,2,-1
333,0,-1
333,1,1
333,2,-1
334,0,-1
334,1,1
334,2,1
337,0,-1
337,1,-1
337,2,-1
338,0,1
338,1,1
338,2,-1
341,0,-1
341,1,1
341,2,-1
342,0,1
342,1,-1
342,2,-1
345,0,1
345,1,1
345,2,-1
346,0,-1
346,1,-1
346,2,-1
349,0,-1
349,1,-1
349,2,-1
350,0,1
350,1,1
350,2,-1
353,0,1
353,1,1
353,2,-1
354,0,1
354,1,-1
354,2,1
357,0,-1
357,1,1
357,2,-1
358,0,-1
358,1,-1
358,2,-1
361,0,-1
361,1,-1
361,2,1
362,0,1
362,1,1
362,2,1
365,0,1
365,1,1
365,2,1
366,0,-1
366,1,-1
366,2,-1
369,0,-1
369,1,-1
369,2,-1
370,0,-1
370,1,-1
370,2,-1
373,0,1
373,1,1
373,2,-1
374,0,1
374,1,-1
374,2,1
377,0,1
377,1,1
377,2,1
378,0,-1
378,1,-1
378,2,1
381,0,1
381,1,-1
381,2,1
382,0,-1
382,1,1
382,2,1
385,0,-1
385,1,-1
385,2,1
386,0,-1
386,1,-1
386,2,1
389,0,1
389,1,-1
389,2,-1
390,0,-1
390,1,-1
390,2,1
393,0,1
393,1,-1
393,2,-1
394,0,1
394,1,1
394,2,1
397,0,-1
397,1,-1
397,2,1
398,0,-1
398,1,1
398,2,1
401,0,1
401,1,-1
401,2,-1
402,0,-1
402,1,1
402,2,1
405,0,-1
405,1,1
405,2,1
406,0,1
406,1,1
406,2,1
409,0,-1
409,1,-1
409,2,1
410,0,-1
410,1,1
410,2,1
413,0,1
413,1,1
413,2,-1
414,0,-1
414,1,-1
414,2,1
417,0,-1
417,1,1
417,2,-1
418,0,1
418,1,-1
418,2,-1
421,0,-1
421,1,1
421,2,-1
422,0,1
422,1,-1
422,2,1
425,0,-1
425,1,-1
425,2,1
426,0,-1
426,1,-1
426,2,1
429,0,1
429,1,1
429,2,1
430,0,1
430,1,-1
430,2,-1
433,0,1
433,1,1
433,2,1
434,0,1
434,1,1
434,2,-1
437,0,1
437,1,1
437,2,-1
438,0,1
438,1,-1
438,2,-1
441,0,-1
441,1,1
441,2,-1
442,0,-1
442,1,-1
442,2,1
445,0,-1
445,1,-1
445,2,1
446,0,-1
446,1,-1
446,2,-1
449,0,1
449,1,-1
449,2,-1
450,0,1
450,1,1
450,2,1
453,0,-1
453,1,1
453,2,1
454,0,1
454,1,1
454,2,-1
457,0,1
457,1,1
457,2,-1
458,0,1
458,1,1
458,2,-1
461,0,1
461,1,1
461,2,1
462,0,-1
462,1,-1
462,2,-1
465,0,-1
465,1,-1
465,2,1
466,0,1
466,1,-1
466,2,1
469,0,-1
469,1,1
469,2,1
470,0,1
470,1,-1
470,2,-1
473,0,1
473,1,-1
473,2,-1
474,0,1
474,1,-1
474,2,1
477,0,-1
477,1,1
477,2,-1
478,0,1
478,1,1
478,2,-1
481,0,1
481,1,1
481,2,1
482,0,-1
482,1,-1
482,2,1
485,0,1
485,1,-1
485,2,-1
486,0,1
486,1,1
486,2,-1
489,0,-1
489,1,-1
489,2,1
490,0,1
490,1,-1
490,2,1
493,0,1
493,1,1
493,2,1
494,0,1
494,1,1
494,2,-1
497,0,-1
497,1,-1
497,2,1
498,0,-1
498,1,1
498,2,1
501,0,1
501,1,-1
501,2,-1
502,0,-1
502,1,1
502,2,1
505,0,-1
505,1,1
505,2,1
506,0,-1
506,1,-1
506,2,-1
509,0,-1
509,1,1
509,2,-1
510,0,-1
510,1,1
510,2,1
513,0,1
513,1,-1
513,2,-1
514,0,1
514,1,1
514,2,-1
517,0,-1
517,1,1
517,2,1
518,0,1
518,1,-1
518,2,1
521,0,1
521,1,-1
521,2,-1
522,0,1
522,1,-1
522,2,-1
525,0,1
525,1,1
525,2,1
526,0,1
526,1,1
526,2,-1
529,0,1
529,1,-1
529,2,-1
530,0,1
530,1,1
530,2,1
533,0,-1
533,1,-1
533,2,1
534,0,1
534,1,1
534,2,-1
537,0,1
537,1,-1
537,2,-1
538,0,-1
538,1,-1
538,2,-1
541,0,-1
541,1,1
541,2,1
542,0,1
542,1,1
542,2,1
545,0,1
545,1,1
545,2,-1
546,0,1
546,1,1
546,2,-1
549,0,1
549,1,-1
549,2,-1
550,0,-1
550,1,-1
550,2,-1
553,0,-1
553,1,1
553,2,-1
554,0,1
554,1,-1
554,2,1
557,0,-1
557,1,1
557,2,1
558,0,1
558,1,1
558,2,1
561,0,1
561,1,1
561,2,-1
562,0,-1
562,1,1
562,2,-1
565,0,-1
565,1,1
565,2,1
566,0,1
566,1,1
566,2,-1
569,0,1
569,1,1
569,2,1
570,0,-1
570,1,-1
570,2,1
573,0,1
573,1,-1
573,2,-1
574,0,1
574,1,1
574,2,1
577,0,-1
577,1,1
577,2,-1
578,0,1
578,1,-1
578,2,1
581,0,1
581,1,-1
581,2,-1
582,0,-1
582,1,-1
582,2,1
585,0,1
585,1,-1
585,2,1
586,0,1
586,1,1
586,2,-1
589,0,1
589,1,1
589,2,1
590,0,1
590,1,1
590,2,1
593,0,1
593,1,1
593,2,1
594,0,1
594,1,1
594,2,-1
597,0,-1
597,1,1
597,2,-1
598,0,-1
598,1,-1
598,2,-1
601,0,-1
601,1,1
601,2,1
602,0,1
602,1,1
602,2,1
605,0,1
605,1,-1
605,2,-1
606,0,1
606,1,1
606,2,-1
609,0,1
609,1,1
609,2,1
610,0,-1
610,1,1
610,2,-1
613,0,-1
613,1,-1
613,2,1
614,0,1
614,1,1
614,2,1
617,0,-1
617,1,-1
617,2,-1
618,0,1
618,1,-1
618,2,1
621,0,-1
621,1,-1
621,2,1
622,0,-1
622,1,-1
622,2,-1
625,0,-1
625,1,-1
625,2,-1
626,0,-1
626,1,1
626,2,1
629,0,1
629,1,-1
629,2,1
630,0,1
630,1,-1
630,2,-1
633,0,1
633,1,-1
633,2,-1
634,0,-1
634,1,1
634,2,-1
637,0,1
637,1,1
637,2,-1
638,0,1
638,1,1
638,2,-1
641,0,1
641,1,-1
641,2,1
642,0,-1
642,1,1
642,2,1
645,0,-1
645,1,-1
645,2,-1
646,0,1
646,1,-1
646,2,-1
649,0,1
649,1,1
649,2,-1
650,0,1
650,1,1
650,2,1
653,0,1
653,1,1
653,2,-1
654,0,-1
654,1,1
654,2,-1
657,0,-1
657,1,-1
657,2,1
658,0,1
658,1,1
658,2,1
661,0,-1
661,1,1
661,2,-1
662,0,1
662,1,1
662,2,1
665,0,1
665,1,1
665,2,1
666,0,-1
666,1,-1
666,2,1
669,0,1
669,1,1
669,2,-1
670,0,-1
670,1,1
670,2,-1
673,0,-1
673,1,1
673,2,1
674,0,-1
674,1,1
674,2,-1
677,0,1
677,1,1
677,2,-1
678,0,-1
678,1,1
678,2,1
681,0,-1
681,1,1
681,2,-1
682,0,1
682,1,1
682,2,-1
685,0,-1
685,1,1
685,2,1
686,0,-1
686,1,-1
686,2,1
689,0,1
689,1,-1
689,2,1
690,0,-1
690,1,1
690,2,1
693,0,-1
693,1,1
693,2,-1
694,0,1
694,1,-1
694,2,-1
697,0,-1
697,1,1
697,2,1
698,0,1
698,1,-1
698,2,-1
701,0,1
701,1,-1
701,2,-1
702,0,-1
702,1,1
702,2,1
705,0,1
705,1,-1
705,2,1
706,0,-1
706,1,-1
706,2,-1
709,0,1
709,1,1
709,2,-1
710,0,1
710,1,-1
710,2,1
713,0,1
713,1,-1
713,2,1
714,0,-1
714,1,-1
714,2,1
717,0,-1
717,1,1
717,2,-1
718,0,1
718,1,-1
718,2,-1
721,0,-1
721,1,-1
721,2,1
722,0,-1
722,1,1
722,2,-1
725,0,1
725,1,1
725,2,-1
726,0,1
726,1,-1
726,2,1
729,0,-1
729,1,-1
729,2,1
730,0,-1
730,1,1
730,2,-1
733,0,1
733,1,1
733,2,-1
734,0,-1
734,1,-1
734,2,1
737,0,1
737,1,1
737,2,1
738,0,1
738,1,1
738,2,-1
741,0,1
741,1,1
741,2,-1
742,0,-1
742,1,1
742,2,-1
745,0,1
745,1,1
745,2,1
746,0,-1
746,1,1
746,2,-1
749,0,1
749,1,1
749,2,1
750,0,-1
750,1,-1
750,2,1
753,0,-1
753,1,-1
753,2,1
754,0,1
754,1,1
754,2,-1
757,0,1
757,1,1
757,2,1
758,0,-1
758,1,-1
758,2,-1
761,0,1
761,1,1
761,2,1
762,0,1
762,1,-1
762,2,1
765,0,-1
765,1,-1
765,2,1
766,0,-1
766,1,-1
766,2,-1
769,0,-1
769,1,-1
769,2,1
770,0,1
770,1,1
770,2,-1
773,0,-1
773,1,1
773,2,1
774,0,-1
774,1,1
774,2,1
777,0,1
777,1,1
777,2,1
778,0,-1
778,1,-1
778,2,1
781,0,1
781,1,-1
781,2,1
782,0,-1
782,1,1
782,2,-1
785,0,-1
785,1,-1
785,2,1
786,0,-1
786,1,1
786,2,-1
789,0,-1
789,1,1
789,2,1
790,0,1
790,1,1
790,2,-1
793,0,1
793,1,1
793,2,-1
794,0,-1
794,1,-1
794,2,-1
797,0,1
797,1,-1
797,2,-1
798,0,1
798,1,-1
798,2,-1
801,0,-1
801,1,-1
801,2,1
802,0,1
802,1,1
802,2,-1
805,0,1
805,1,-1
805,2,-1
806,0,1
806,1,-1
806,2,-1
809,0,1
809,1,1
809,2,1
810,0,-1
810,1,1
810,2,-1
813,0,1
813,1,-1
813,2,-1
814,0,1
814,1,-1
814,2,-1
817,0,-1
817,1,-1
817,2,1
818,0,-1
818,1,1
818,2,-1
821,0,1
821,1,-1
821,2,1
822,0,1
822,1,-1
822,2,1
825,0,-1
825,1,1
825,2,1
826,0,1
826,1,-1
826,2,1
829,0,-1
829,1,-1
829,2,1
830,0,-1
830,1,1
830,2,1
833,0,1
833,1,-1
833,2,1
834,0,-1
834,1,-1
834,2,-1
837,0,1
837,1,1
837,2,1
838,0,1
838,1,-1
838,2,1
841,0,1
841,1,-1
841,2,-1
842,0,1
842,1,-1
842,2,1
845,0,-1
845,1,-1
845,2,1
846,0,-1
846,1,-1
846,2,-1
849,0,1
849,1,1
849,2,-1
850,0,-1
850,1,1
850,2,1
853,0,1
853,1,-1
853,2,-1
854,0,-1
854,1,-1
854,2,1
857,0,-1
857,1,1
857,2,-1
858,0,1
858,1,1
858,2,1
861,0,-1
861,1,1
861,2,1
862,0,1
862,1,-1
862,2,-1
865,0,1
865,1,1
865,2,-1
866,0,-1
866,1,1
866,2,-1
869,0,1
869,1,-1
869,2,-1
870,0,1
870,1,-1
870,2,1
873,0,1
873,1,1
873,2,-1
874,0,1
874,1,1
874,2,1
877,0,1
877,1,1
877,2,-1
878,0,1
878,1,1
878,2,1
881,0,-1
881,1,1
881,2,1
882,0,1
882,1,-1
882,2,1
885,0,-1
885,1,-1
885,2,1
886,0,1
886,1,-1
886,2,-1
889,0,-1
889,1,-1
889,2,1
890,0,-1
890,1,1
890,2,-1
893,0,1
893,1,-1
893,2,1
894,0,-1
894,1,1
894,2,-1
897,0,1
897,1,-1
897,2,-1
898,0,-1
898,1,1
898,2,-1
901,0,-1
901,1,1
901,2,1
902,0,1
902,1,1
902,2,-1
905,0,1
905,1,-1
905,2,1
906,0,1
906,1,1
906,2,-1
909,0,1
909,1,1
909,2,1
910,0,-1
910,1,-1
910,2,1
913,0,-1
913,1,-1
913,2,1
914,0,1
914,1,-1
914,2,1
917,0,-1
917,1,-1
917,2,-1
918,0,1
918,1,-1
918,2,-1
921,0,1
921,1,1
921,2,1
922,0,-1
922,1,-1
922,2,1
925,0,-1
925,1,1
925,2,1
926,0,1
926,1,-1
926,2,-1
929,0,-1
929,1,-1
929,2,1
930,0,-1
930,1,-1
930,2,1
933,0,1
933,1,1
933,2,1
934,0,-1
934,1,1
934,2,-1
937,0,1
937,1,1
937,2,1
938,0,-1
938,1,1
938,2,-1
941,0,1
941,1,-1
941,2,-1
942,0,-1
942,1,1
942,2,-1
945,0,1
945,1,1
945,2,-1
946,0,1
946,1,1
946,2,1
949,0,-1
949,1,-1
949,2,1
950,0,1
950,1,1
950,2,1
953,0,-1
953,1,-1
953,2,1
954,0,-1
954,1,-1
954,2,-1
957,0,-1
957,1,1
957,2,-1
958,0,1
958,1,1
958,2,1
961,0,1
961,1,1
961,2,1
962,0,-1
962,1,1
962,2,1
965,0,-1
965,1,1
965,2,1
966,0,1
966,1,-1
966,2,1
969,0,1
969,1,1
969,2,-1
970,0,-1
970,1,-1
970,2,-1
973,0,1
973,1,1
973,2,1
974,0,1
974,1,1
974,2,1
977,0,1
977,1,-1
977,2,-1
978,0,-1
978,1,-1
978,2,-1
981,0,-1
981,1,1
981,2,-1
982,0,1
982,1,1
982,2,1
985,0,1
985,1,-1
985,2,-1
986,0,1
986,1,1
986,2,-1
989,0,1
989,1,1
989,2,1
990,0,1
990,1,1
990,2,-1
993,0,1
993,1,1
993,2,-1
994,0,-1
994,1,-1
994,2,1
997,0,-1
997,1,1
997,2,-1
998,0,1
998,1,1
998,2,-1
1001,0,-1
1001,1,-1
1001,2,-1
1002,0,1
1002,1,1
1002,2,-1
1005,0,-1
1005,1,1
1005,2,-1
1006,0,1
1006,1,1
1006,2,1
1009,0,-1
1009,1,-1
1009,2,-1
1010,0,1
1010,1,-1
1010,2,1
1013,0,-1
1013,1,1
1013,2,-1
1014,0,1
1014,1,1
1014,2,-1
1017,0,-1
1017,1,1
1017,2,1
1018,0,1
1018,1,-1
1018,2,-1
1021,0,-1
1021,1,-1
1021,2,1
1022,0,1
1022,1,-1
1022,2,1
1025,0,-1
1025,1,-1
1025,2,1
1026,0,-1
1026,1,1
1026,2,-1
1029,0,-1
1029,1,-1
1029,2,-1
1030,0,-1
1030,1,1
1030,2,-1
1033,0,1
1033,1,-1
1033,2,-1
1034,0,1
1034,1,1
1034,2,1
1037,0,-1
1037,1,-1
1037,2,1
1038,0,-1
1038,1,-1
1038,2,1
