       (0.999999999999999,2.5015188753559255e-16)        (5.053264180928287e-16,1.1352281500699839)     (-0.38748969629955859,6.1909516326707101e-17)  (-1.5123465692074826e-17,-0.0053015614699347124)     (0.054065173507169328,1.1254284832366895e-16)      (8.3235646961023093e-17,0.05659192232757071)     (-0.015242676301868145,2.228707751119415e-16)     (-3.0795909356614447e-16,0.11588338865946771)    (-0.39000053684010716,-7.4825467132607523e-18)  (-1.5933563844249003e-16,-0.0011835680206831595)   (2.7705159600501564e-16,7.6419674328760254e-17)   (-2.6482612758149674e-16,2.366419098129444e-16)  (-1.6924924369117492e-16,-2.175500989142818e-18)  (6.1404268752379197e-17,-8.4830452613531907e-17)  (4.8131973294054465e-17,-1.0897242235431103e-16)   (1.9611747208373721e-17,-6.498675401677421e-17)  (-8.356240995432035e-17,-4.4885384405920161e-17)  (1.0948453802583638e-16,-7.8539096138500285e-18)   (7.9529089564653796e-17,5.2143500586721369e-17)  (-1.0876792028028891e-16,1.7575305732856158e-16)
     (3.0086029906549256e-16,-1.1352281500699868)      (1.0000000000000004,-8.6768131687446255e-17)   (-1.6421903464801274e-17,0.0053015614699348235)     (0.41239384677102098,-8.1180198034446394e-18)      (1.4794416091168219e-16,0.19737989784729359)    (-0.054065173507168995,-2.005118835922826e-16)     (-2.7516348563361375e-16,0.04428072850693357)   (-0.015242676301868169,-1.4552911737858029e-16)   (-4.2578693154092482e-17,0.0011835680206818688)      (0.39556036223257557,2.3511897561906315e-17)  (-1.6488418654466781e-16,1.3503703332965632e-16)  (8.2153206724027039e-17,-1.5564209788100278e-16)  (-1.4596657443001241e-16,8.5007916207090459e-17)   (7.4406661103801562e-17,4.6835078881591945e-17)  (1.9153548677385233e-16,-9.4766734709485362e-17)   (1.0487615441453016e-16,4.2853456079362548e-17)  (1.0870220433476165e-16,-1.0036221687974501e-16) (-8.9558721490521573e-18,-4.5943184750431952e-17)   (2.7568111277362644e-17,4.9235563776466872e-17)   (-2.09323959205303e-16,-1.2703764309645933e-17)
    (0.38748969629955865,-3.9222753265156628e-16)  (-3.1935816355505774e-16,-0.0053015614699338798)     (0.99999999999999922,-4.0340970877291156e-17)       (1.3906748643083016e-16,1.1407879754916219)     (-0.40895656327940044,1.0908418229545944e-16)   (-2.9435833400414202e-17,-0.014048419916816948)   (-0.023403316236725251,-1.7372964799608803e-17)    (1.0943726218602602e-17,-0.022801904973075202)   (-0.015640582977738335,-9.4149293983430983e-17)       (1.172464744341709e-16,0.12666286687681194) (-7.6264901247572957e-17,-4.6724376388984176e-17)   (9.5443373741395315e-17,4.3769506472601766e-17)  (-9.0223312822360426e-17,2.7191569705089693e-19)  (-3.2271104196655094e-17,7.0968718070185587e-17)   (3.3255519836274276e-17,1.3019209853420677e-17)   (-1.7791962271920997e-17,4.459338888709578e-17)   (2.1864738959495926e-17,1.4082855378839901e-18)  (2.0801560297306517e-17,-1.0832955494238097e-16)   (7.2389094877972925e-17,1.8846963123522308e-17)  (8.4173092072535978e-18,-5.6476072077615571e-17)
  (-2.0531717882877379e-16,0.0053015614699346535)     (-0.41239384677101942,7.6375036857602636e-16)     (-9.9961780086771471e-17,-1.1407879754916215)      (1.0000000000000002,-9.8336435310085038e-17)     (9.6014602003594993e-17,0.014048419916817233)      (0.34296393724294183,1.5844161927176517e-16)    (-5.049804869070378e-17,-0.022801904973075056)    (-0.13051554641754937,-9.6764287592486088e-17)   (-1.3496518113320982e-16,-0.053191035200818297)     (0.01564058297773839,-1.1428975933800782e-16) (-4.0594153056010103e-17,-1.1424088684843589e-18)  (1.2375481211495582e-16,-6.6699036938670546e-17)  (1.2013123976210624e-16,-1.8462854979640079e-17)   (7.0931366059583277e-17,5.3182251374514376e-17)  (-6.5347570047779306e-17,6.6180674763906552e-17)   (5.7968736015143081e-17,1.0828573476469386e-17) (-1.8370844007974235e-17,-2.8299381375883785e-17)  (-6.3337087031108736e-17,2.5626568251119006e-17)  (1.5061678064653723e-17,-1.2873177866486216e-16)  (3.7111738715182122e-17,-4.0947269015473047e-17)
   (-0.054065173507169315,4.3302921907317053e-16)    (-8.5924959531167133e-16,-0.19737989784729237)     (0.40895656327940033,-1.7592893567000952e-16)    (6.7211649737097372e-17,-0.014048419916817037)      (0.99999999999999989,3.1513380167865076e-16)     (-4.3304561855730111e-16,0.99763286383282856)    (0.009499868993197701,-5.2530055600473602e-17)     (1.2618268636430646e-16,-0.39325030627884805)     (0.13966031153442449,-2.9144724861914063e-16)    (1.5053710584551887e-16,-0.026276356694989806)  (1.1470695684244879e-16,-4.0491582132922022e-17)  (-3.3185469000797327e-17,2.5760544164451456e-16)   (1.8178518587985071e-16,2.1480164584779568e-16)  (-5.8595724309244831e-17,7.5677658596203783e-17) (-1.0481437470962811e-16,-1.2111241734866603e-16)   (5.4505412463214637e-18,3.8417537627517088e-17)   (2.147638850766653e-17,-1.8932830956863998e-17)  (-2.6470957171652267e-17,6.6176722851684763e-17)   (1.0116605767164568e-16,1.1757564536973321e-17)    (2.488453471949279e-17,9.5148306808008637e-17)
  (-4.8307221247253874e-16,-0.056591922327570085)    (0.054065173507169488,-6.5779238664418665e-16)     (2.3883981983063618e-16,0.014048419916817162)     (-0.34296393724294322,1.6859396946707872e-16)    (-4.2842469456962245e-16,-0.99763286383283167)                       (1,-2.8896170849402642e-16)     (4.7203795506186814e-17,-0.34862455437396844)    (0.0094998689931983186,3.5224371693795455e-17)     (2.7085026777785299e-16,0.026276356694990254)     (-0.01622680148556481,1.1253195832847693e-16)  (-3.5359796350581623e-17,1.1225579083027183e-16) (-1.9713770246598822e-16,-1.9901042705480445e-16)  (-6.8636642927427006e-17,1.8049898034989399e-16)  (-8.069429614051158e-17,-2.6361282415476329e-17)  (4.1058214696664884e-17,-1.0483969700386092e-16) (-1.6410875109246038e-18,-3.6987781452465727e-18)   (1.0566915485029407e-17,2.7928952414421641e-17)  (-6.2417024849077848e-17,-2.137891632937278e-17)  (-1.4330617548026902e-17,8.6814382116176102e-17)  (-6.1677666336192249e-17,1.6178712766235658e-17)
    (0.01524267630186784,-5.8389301645830287e-18)    (-1.1594881547694107e-16,-0.04428072850693348)    (0.023403316236725293,-2.6737486452845283e-16)     (2.7671562791949403e-16,0.022801904973075045)   (-0.0094998689931981885,1.2559732699616055e-16)      (1.9186983786161736e-17,0.34862455437396878)     (0.99999999999999978,-7.5069243444200627e-18)     (-1.3854401491794461e-17,0.95805040952492582)    (-0.23029254533943211,-1.4266518013751575e-17)       (1.303184596536424e-17,0.10965665241951343)  (-4.2045506012208513e-17,9.0321509148295014e-17) (-2.2643668279632581e-17,-6.3485676055017607e-17)   (3.6479101832617281e-17,3.0038912859084322e-17)  (-2.0021114550848756e-17,3.1892899510794301e-17) (-2.3274772896697057e-18,-2.7812415370154459e-17)   (2.5101130659856285e-17,2.2779393171915316e-18)  (1.8936325746864208e-19,-2.4007987884838446e-17) (-6.9154853877935848e-17,-2.3160909481676501e-18)   (1.0828682766834727e-17,1.8677036831093166e-18)  (6.3305150919458182e-17,-1.5130581725927407e-17)
    (1.7109678778921573e-16,-0.11588338865946754)     (0.015242676301868244,8.9539663707723843e-17)     (1.9897904787161929e-16,0.022801904973075039)      (0.13051554641754989,2.0323305545526927e-16)      (9.9521663151311861e-17,0.39325030627884938)   (-0.0094998689931975865,7.0406659866613473e-17)    (-2.8041926863010559e-17,-0.95805040952492571)     (0.99999999999999978,-3.3892196748465601e-18)     (-1.0209324169422102e-16,0.10965665241951394)     (0.28482093349871296,-4.3712835116214668e-17)  (8.1209012820729481e-17,-4.0063494706633443e-17)    (5.3255366260383626e-17,6.171496896799089e-17)  (1.1508510080929656e-17,-1.1023162948514867e-16)    (4.0610266636522156e-17,2.491301512706631e-17)  (-2.5448846942776341e-17,8.3889991901542379e-17)    (9.4649252932643152e-18,9.277837445546569e-18) (-4.4255102948065145e-18,-2.3112518699402496e-18)   (1.6901936727881371e-17,3.6390748727590279e-17) (-4.6530491315660763e-17,-5.5248611452161916e-17)  (4.1216834720294351e-17,-1.0020202603013659e-16)
    (0.39000053684010633,-3.5967856857817783e-17)   (6.7274688363256159e-17,-0.0011835680206818133)     (0.015640582977738259,4.3851853455672026e-17)    (-2.3195570984385673e-17,0.053191035200818644)     (-0.13966031153442487,1.5367701699356975e-17)   (-2.8684381038448908e-17,-0.026276356694989369)     (0.23029254533943222,-2.1288587928295714e-17)     (2.1894142302482335e-17,-0.10965665241951318)     (0.99999999999999811,-3.1513907160191045e-17)       (6.0733037961278573e-17,1.0996994999519998) (-3.1204139434827742e-17,-1.3116091119999931e-17)  (1.1347754339050215e-17,-3.1366833015494306e-17)   (9.9176016822179051e-17,-2.416031774894277e-17)  (-1.2465280619787202e-17,5.6962883949701239e-17)  (-3.4008894909062221e-17,3.3684414464713779e-17)   (-1.840573563625674e-17,1.5815767562996905e-17)   (1.8747161711801124e-17,2.0251818458339291e-17)   (7.5588124921739554e-18,1.3489730136927022e-17)    (4.785521537121302e-17,-3.575160083510775e-17)   (3.3827036647454763e-17,3.0620657043024979e-17)
   (5.5954672861602942e-17,0.0011835680206813137)     (-0.39556036223257479,2.4064114359966292e-16)     (7.6665552950807318e-18,-0.12666286687681191)    (-0.015640582977738043,6.7475525689661332e-17)    (-6.5733391692617987e-17,0.026276356694990781)     (0.016226801485564421,6.4982371669771514e-17)    (-6.3665453420539675e-17,-0.10965665241951364)    (-0.28482093349871401,-1.1151691207188524e-16)      (1.2239690772648763e-17,-1.0996994999520031)      (1.0000000000000018,-8.4683915752475596e-18)   (-1.1278803999291757e-18,1.341933004247599e-16) (-1.4080629669212823e-16,-3.6312037212999407e-17)  (8.2110494212081169e-18,-7.3810593060881979e-17)   (1.1307007426723624e-17,4.7392989883472052e-18)   (1.7940433091650385e-17,5.8486326287937071e-17)   (1.8619377714455987e-17,-4.239835782348465e-18)   (2.6292936030698584e-18,1.4815116072180106e-19)  (-3.8961210875217632e-17,4.8039323041723299e-17)  (-2.8461211753857344e-20,2.5418673437128268e-17) (-4.2725989382855712e-17,-1.5371246098511356e-17)
  (1.743883886416079e-16,-4.0993580015946279e-17)  (-7.0368612576379141e-17,2.3213950019742275e-16)   (-1.803173169625841e-16,-3.740241693878289e-17)  (-1.048733907072951e-16,-1.4517010655390317e-16)   (1.2163331402677583e-16,-3.685766595639859e-16)   (3.1652714413476943e-16,1.6205515499852826e-16)  (5.4859785988506668e-17,-8.1024430458833253e-17) (-7.1687811463451746e-17,-4.2265627278411726e-18) (-1.4466270192740805e-17,-1.4312578548128176e-16)    (1.217295029758266e-16,4.4282262218999254e-17)       (1.0000000000000002,9.7806204072999984e-18)   (-2.1161064917947657e-17,-0.028192691272245107)     (-0.33178544373892488,1.2271620147656819e-18)     (1.5893548525626561e-17,0.012384321522204866)     (0.17001526982874479,-2.4862722380907125e-17)     (-4.8719117328082213e-18,0.12872306308313708)    (0.078186905325923206,-2.8320401009024255e-19)     (-6.8420947530995984e-18,-0.3609289329995567)     (-0.022467601344108856,1.059474441386534e-17)     (-7.5302657465919299e-18,0.99890802223615782)
  (-3.492735970394101e-17,4.1949074801885758e-17)  (-1.390436431064185e-16,-5.5396224549400617e-17)  (-6.176046191443122e-17,-1.1097324016154187e-18)  (1.1737040384459458e-17,-9.1892075975817411e-17)    (4.940441175325477e-17,1.2788129906609317e-16)  (-7.5161163378477979e-17,5.0379724309652826e-17)    (9.184282321782201e-17,4.4390553964050422e-17)  (-7.2811640885378623e-17,6.1477512349956653e-17)  (3.8404976063141713e-17,-1.2872289276279308e-16)   (8.3096813360264605e-17,4.3524761709491209e-17)    (-1.0162403543732607e-17,0.028192691272245218)     (0.99999999999999978,-1.0262282968784021e-17)    (-1.4835530464103512e-18,-0.91263066241050539)      (0.22117692815693088,4.7687163722679045e-18)      (8.3918140056498445e-18,0.58219284588590425)       (-0.10109917997811356,2.14010619642476e-19)      (1.5792783000935819e-18,0.18450089830409644)     (0.17394724037701856,-2.5497131307637771e-18)   (-6.5061837620757625e-18,-0.035787875226355209)    (-0.34432760132231338,-9.2801142025747809e-18)
 (6.0246064341533499e-17,-9.6319003415318895e-17)   (1.2279056491149029e-16,4.3314657159351823e-17)   (3.6256010249758934e-17,1.3131912324485634e-16)   (-6.031806026345874e-17,5.7920045855199526e-17)     (4.410323189522552e-18,6.441202673548296e-17)  (-8.9216651707468115e-17,8.0668465543866807e-17) (-7.9884538797967402e-17,-3.3609391763614163e-17)  (8.9454939401457152e-17,-9.3991412316036384e-17)  (-7.6102826219775069e-17,5.4784793721676473e-17)  (8.0661724999534878e-18,-9.0510001013510017e-17)      (0.33178544373892538,5.0975011028242229e-18)     (-5.8265473007686113e-19,0.91263066241050705)      (1.0000000000000004,-3.8591011819718383e-18)        (3.8765290070026095e-18,0.582192845926643)    (-0.24954342055860423,-2.4329663158993993e-18)   (-2.1576399840022465e-18,-0.045037264007395758)    (-0.048344878488461113,1.6842014424581412e-18)    (-9.0875062470001307e-19,0.054272504133084272)    (-0.046129938726910603,3.0058768132284208e-18)  (-6.1498075382189269e-18,-0.0012657788320813864)
   (1.349548475193702e-16,1.6496132267220891e-16)  (-8.8644402503185709e-17,2.2410834905704361e-16) (-9.5221532078290101e-17,-4.5962429457585274e-17)  (3.5381472762314125e-18,-2.5540105737481948e-17)  (-1.5050824156434665e-17,1.9221548064764633e-17)  (1.4451713200491085e-18,-1.8942826210930433e-17) (-3.8634542321786344e-18,-1.1957326136587493e-16)   (1.2979857032916766e-16,2.1271349182312468e-17)   (-5.116188175200688e-17,3.1518242658458774e-17)  (-3.4860023713574086e-17,9.7572472713424357e-18)   (-2.1854401720165435e-18,-0.012384321522204679)     (-0.22117692815693168,-3.239399834606327e-18)     (3.1816963673356391e-18,-0.58219284592664289)                         (1,6.186277099570248e-18)     (7.6234362571676012e-18,-0.78481336074003649)   (-0.022687517729058065,-5.9903443197211261e-18)    (-4.0398130314612093e-18,-0.27130939180925095)    (0.058598883578756783,-1.6459785334796428e-18)      (-1.711850799439771e-18,0.15659008970730742)   (-0.017185710944029216,-2.2157250111415461e-18)
(-1.2257585686136687e-16,-1.4039683950614236e-16)  (1.4205784208416329e-16,-1.1842038240577233e-17)   (-2.8911501369891511e-17,1.670314054882137e-17)  (1.8701799899619998e-17,-8.0485580026441789e-17)  (6.0964790914129696e-17,-4.4384108372228662e-17)   (5.7593203195676322e-18,-8.933373707693622e-17)   (-1.2001201503394501e-16,6.381613612510112e-17)  (-4.8748478458905839e-17,-1.064885218923085e-16)   (7.9611976003516037e-17,3.2907985520171325e-17)  (-1.9878462984563994e-18,8.6973841710142773e-18)    (-0.17001526982874493,-5.9976737924993853e-18)     (6.6380738845590586e-18,-0.58219284588590514)     (0.24954342055860448,-6.0459129665353134e-18)      (3.5694987942370204e-18,0.78481336074003671)      (0.99999999999999989,6.4147327690471013e-19)    (-3.0511941198372231e-18,-0.36246174891949579)    (-0.018221132295762513,2.8022119167363253e-18)     (-1.356569766072876e-19,0.063487089396270277)   (-0.020255022963222426,-1.5243062459848329e-18)    (4.1205592723969703e-18,-0.040369979965205506)
 (-5.4917543783226709e-17,3.4010248296494021e-16)  (-3.6009915256253185e-16,6.4896457976805183e-17)  (3.2505286659768172e-17,-1.3675223456468609e-16)   (1.8552473973874854e-17,2.1670390791924219e-17)   (7.5955210495869613e-18,9.3620725829700134e-18)  (5.4332361183857113e-17,-5.1713103843313557e-17)   (1.3692349522329021e-17,3.1323513596785899e-17)   (-6.6620681290881249e-17,4.402523765206029e-17) (-1.1757942499037226e-17,-1.0815488177578536e-18) (-1.4229381773683201e-16,-1.8404989241697941e-18)    (-4.2231262730525635e-18,-0.12872306308313738)     (0.10109917997811417,-1.3301015566782414e-17)     (-8.4421216133155367e-18,0.04503726400739537)    (0.022687517729058172,-6.6423052478204804e-19)      (1.0317406535980628e-17,0.36246174891949579)      (1.0000000000000002,-4.9161550145125174e-18)     (-2.394602295218794e-18,-0.87743852953353751)   (-0.013453914691492166,-6.8492743693436064e-19)      (8.5417052103063981e-19,0.30289037973300065)     (0.026470386576139787,1.4455061088151719e-19)
 (2.7524609527257792e-16,-1.2896665488508748e-16)   (4.1206459017787393e-18,3.1613400676861229e-16) (-1.2593460666763481e-16,-1.8991415703875203e-17)   (8.065216062818968e-17,-2.2025006575145979e-17)   (7.1067319846552185e-18,9.4886657556542121e-17) (-1.6729940552211731e-17,-2.6861437489991765e-17)  (-4.5397997502703302e-17,2.8718173631847828e-18)  (3.5246286114621837e-18,-1.8960750942085283e-17)  (-3.1618047593790271e-17,1.6106161497570026e-17)   (2.0104581893718089e-17,5.9257223683601684e-17)    (-0.078186905325923289,8.7607299497525531e-19)    (-5.9374295089186279e-18,-0.18450089830409686)     (0.048344878488460842,2.5515058540162181e-18)      (1.3198409631933538e-18,0.27130939180925001)    (0.018221132295762468,-6.7812559612976699e-18)      (-5.2562448140536481e-18,0.8774385295335374)      (0.99999999999999933,3.3465716760493868e-18)      (-3.340714671080344e-19,0.36227405887184005)  (-0.0045543755469594294,-1.3138158825107436e-18)   (1.2058233497005568e-18,-0.0035968032530733717)
 (5.3310284176531467e-17,-1.4933965136455159e-16)     (8.750264815676295e-17,2.433581815671887e-17)  (-4.8997395462743572e-17,6.3399609848271949e-17)   (-4.320428717653292e-17,1.5563979510331824e-17)  (-1.189304019877418e-16,-2.7550156021405318e-17) (-1.0436551043583971e-16,-7.8049371456114979e-17) (-1.4546015332669817e-17,-1.1233588856391579e-16)   (1.1873571635213605e-16,2.7126203324336476e-17)  (-5.3404644919384521e-17,-1.636645577611755e-16)  (2.5567555684890286e-16,-2.9941830352742965e-17)       (5.891833645799312e-18,0.36092893299955692)     (-0.17394724037701884,1.7526974891558312e-17)    (1.1221523616473986e-17,-0.054272504133084307)      (-0.0585988835787567,4.1154750823615968e-19)   (-1.2477095998588637e-17,-0.063487089396270638)     (0.013453914691491986,2.5214911622740498e-18)    (-5.1457403261597405e-20,-0.36227405887184022)                        (1,1.9581086535956079e-18)     (1.4213438427570125e-18,-0.87487374010351626)   (-0.0044593110986513029,8.8360586318525303e-19)
 (-2.1900333828160161e-16,6.3982699173923473e-17)   (4.750691851099917e-17,-1.4825588922577278e-16)   (4.8258954864911031e-17,2.8377680637071245e-17) (-7.2883540596324355e-17,-6.9459496332130715e-17)  (2.0253734965801821e-16,-1.1074519145710024e-16)  (-6.5168093695197098e-19,2.4137299283663936e-19)  (-1.0267295443039212e-16,1.8994453200058039e-18)  (1.3354202683866189e-17,-1.7191016640039361e-17)  (-1.8650441052145241e-16,9.4239551381009827e-18)  (-1.927176762005682e-17,-2.7377716436455543e-16)     (0.022467601344109293,-5.069947680182547e-18)     (1.5435240450205857e-17,0.035787875226355313)    (0.046129938726910444,-1.2634851544999746e-17)      (4.5294077200529515e-18,-0.1565900897073072)     (0.020255022963222433,9.0342589628970102e-18)      (3.705196639519983e-18,-0.30289037973300031)    (0.0045543755469597729,-1.669079974378738e-18)       (2.5653400948055858e-19,0.8748737401035156)      (0.99999999999999956,1.7473247883305416e-18)     (-4.9414170570653288e-19,0.34657740993745945)
   (8.850420338654002e-18,7.8835225718110719e-17)  (-1.6028048434520406e-16,-4.033463159069385e-17)  (5.2802751161440491e-17,-1.6721772639836817e-16)  (1.8451513053453006e-16,-7.0491419329847503e-17)   (2.9930763924682811e-16,2.0040343498215975e-16)  (-9.4517171954220343e-17,3.7431454459213597e-16)    (6.421572526360765e-17,6.1190450684983832e-18)  (8.1914173820958454e-19,-1.2855771002829361e-16)  (1.3980001563903484e-16,-4.6430699386057088e-17)    (2.1515902922744791e-17,9.588631547970103e-17)    (-4.8466403824764325e-18,-0.99890802223615704)      (0.34432760132231349,-1.287532008205729e-17)    (3.0959932978132171e-18,0.0012657788320811492)     (0.017185710944029098,1.5524494978459052e-17)     (1.9011126226965736e-17,0.040369979965205638)    (-0.02647038657613987,-3.5497589231811713e-18)    (4.5113555589689904e-19,0.0035968032530733773)   (0.0044593110986514972,-5.8585242987236789e-18)    (-8.9652654240375762e-18,-0.34657740993745945)      (0.99999999999999967,-4.622836613913562e-18)