    (0.99999999999999911,-1.4446990788098587e-16)       (1.8885355309206896e-16,1.1352279913074599)     (-0.38748965956536807,2.5301622297251734e-17)   (3.2350132377465446e-17,-0.0053015603938309785)      (0.054065163159453755,2.988077396326316e-17)    (-4.8444263376405657e-17,0.056591893818956102)     (-0.015242678479796122,2.574916507622167e-16)     (-2.3169742212232246e-16,0.11588339028818073)     (-0.39000050074176507,1.0893364190532853e-16)   (7.1069779360196216e-17,-0.0011835672783852003)   (2.1757156558345791e-16,1.2513020928892875e-16)  (-1.4677200659682235e-16,1.2713897830143408e-16)  (-9.1004337645410948e-17,1.1869966222055011e-16)  (2.1401099951305304e-17,-5.7692377420036644e-17) (-2.4387078146747733e-18,-1.8863649530335497e-16)  (6.6705416002410966e-18,-5.6398795908688492e-17) (-1.0142382705731358e-16,-1.0780018477873799e-16)  (5.6634615575130854e-17,-3.5035344852964239e-17)   (1.1231483175621112e-16,5.7635580611015264e-17)  (-1.4849127783049548e-17,1.8421159697742649e-16)
     (9.4938775216657782e-17,-1.1352279913074617)       (1.0000000000000009,5.8072757329988072e-17)   (-3.4772490740385111e-17,0.0053015603938304789)     (0.41239380498181777,-2.4342285118275296e-17)      (9.2687874925881424e-17,0.19737987774738264)     (-0.0540651631594532,-1.2197714496560826e-16)    (-2.5552187740597573e-16,0.044280719904803062)   (-0.015242678479795817,-1.9966940716082354e-16)    (7.7563616280913757e-17,0.0011835672783838402)     (0.39556032264727914,-1.5047853452308418e-16)  (-1.1400512906828599e-16,1.7749011547247999e-16) (-2.7272727801835192e-18,-2.8035572186408312e-16)  (-1.8541922888065726e-17,1.7495724906921334e-17)   (7.9322268372585534e-17,8.9700808630004702e-17)  (1.0438288993749717e-16,-7.3468450958346361e-17)   (1.2381273683940323e-16,4.9524499349133293e-17)  (4.7873073454607845e-17,-7.8306154570675357e-17)  (-2.3998326812341963e-17,1.0837425504762584e-17)   (2.9788638561702339e-17,2.6246542108718595e-17)  (-2.054488232498847e-16,-1.1000183228238091e-16)
    (0.38748965956536857,-4.2693386996645991e-17)   (2.7652350576734617e-18,-0.0053015603938307843)      (1.0000000000000002,-7.6748293054546168e-18)       (1.1249309629019884e-16,1.1407879001619832)        (-0.40895651669507016,2.6045374512065e-16)    (1.5251746334047817e-16,-0.014048432879722364)   (-0.023403315018862055,-5.8489747876399001e-17)   (-7.1575242017869455e-17,-0.022801894767009181)   (-0.015640584955394291,-6.0154406570466654e-17)      (4.9320331369839726e-17,0.12666285863930135) (-8.4291123680819886e-17,-2.5293702244663757e-17)    (9.3008135383318604e-17,2.285510533025251e-17)  (-5.7972348373110466e-17,7.3205330837614186e-18)  (-2.8056202178569749e-17,2.9816954824080089e-17)   (7.4267961350025585e-17,1.0109242336211195e-17)  (-6.4315461997590846e-18,7.6565842394052937e-17)   (1.3487684113252373e-19,3.9102807021268293e-18) (-4.4328652708040487e-19,-9.7441038013446388e-17)   (6.8047227711039629e-17,1.8399459080469474e-18)  (2.2868656027162877e-17,-5.4041859540763832e-17)
   (2.8374114322743343e-16,0.0053015603938300696)     (-0.41239380498181805,3.3325875527013136e-16)      (-5.582023244677714e-17,-1.1407879001619838)       (1.0000000000000002,-6.529824326787949e-17)     (3.0916339535212134e-16,0.014048432879723165)     (0.34296382976520351,-9.7257889877858459e-17)   (-1.0836617006889568e-16,-0.022801894767009064)     (-0.13051549725656522,2.8470344265469705e-17)   (-1.4711809137372407e-16,-0.053191017673244217)     (0.015640584955394641,3.5959014201128525e-17)  (-1.5606876336557912e-17,1.8520918066573693e-18)   (1.0712764416566526e-16,2.4223493374398254e-17)   (5.036581172679796e-17,-4.7353303394657671e-17)   (3.2955568955687845e-17,2.0521098090222467e-17)  (-1.5516045767475217e-17,3.1243952162722884e-17)  (7.8819013772832195e-17,-8.9868229641271945e-18)   (1.635170101710786e-17,-1.3584148793992833e-17)  (-4.6816322358698691e-17,3.6948362372953157e-17) (-1.7532394109726476e-17,-1.1653995164560484e-16)  (3.8866344354204162e-17,-2.1242077384925069e-17)
   (-0.054065163159452909,6.4407356982030378e-16)      (-6.798775034336491e-16,-0.1973798777473828)      (0.4089565166950706,-1.6000995521529441e-16)    (6.5358183082524103e-17,-0.014048432879722137)      (0.99999999999999922,4.4857188544672805e-16)     (-2.8781940953774883e-16,0.99763249042203794)    (0.0094998321146700683,-8.349822722287415e-17)     (5.1062876103548525e-17,-0.39325013665067171)     (0.13966025869641094,-3.0758085275831675e-16)    (8.0488145721116135e-17,-0.026276343977954454)     (8.16372205109344e-17,3.1225202382533279e-17)  (-1.7089018514813641e-16,1.7641227912432079e-16)   (2.4543823648041584e-16,1.1732936943123734e-16)   (-1.934025474182829e-17,9.2614194950087266e-17)   (-1.487135294685423e-16,-5.586097871329522e-17)    (2.5262967963925325e-17,2.456584695462415e-17)    (1.9182174825996711e-17,1.326224888343467e-17)    (-6.044074841492326e-17,6.545340765099319e-17)   (1.0331592232550896e-16,-3.453015354575717e-17)    (3.043739298722942e-17,9.8434444621978907e-17)
  (-5.2647548791513938e-16,-0.056591893818955984)      (0.0540651631594532,-6.1306400748703114e-16)     (2.3119041165237866e-16,0.014048432879722716)      (-0.3429638297652044,1.4103049398319296e-16)    (-3.6751837328674434e-16,-0.99763249042203983)      (1.0000000000000004,-3.3301961511481743e-16)     (4.1268283003186654e-17,-0.34862455798313047)    (0.0094998321146703615,6.1775955978536917e-17)     (2.6629627608954849e-16,0.026276343977954735)    (-0.016226808385981367,9.5169656335026499e-17)  (-7.6749214693892049e-18,1.4246695868172035e-16) (-2.6905259007797794e-16,-8.8374473030104103e-17)  (-1.5480796437065909e-16,1.2887201908658209e-16)  (-5.298978110668186e-17,-6.6450982158259141e-17)  (1.0946612852198221e-16,-5.2023847094284303e-17) (-2.2372401890415149e-17,-8.4704667770587104e-18)   (3.8351258906233895e-17,2.4605238570644771e-17) (-6.8041920280472522e-17,-1.3605466474225593e-17)  (-4.2417721884943516e-17,8.1483588708225528e-17)  (-5.9164318334734444e-17,3.8577881383703951e-17)
   (0.015242678479796046,-1.2721022632204973e-16)   (-2.3249172924372373e-16,-0.044280719904803215)     (0.02340331501886201,-2.7976256732570401e-16)     (3.1127560170513173e-16,0.022801894767009227)    (-0.009499832114670665,1.4848022379373118e-16)      (1.8570863549216871e-17,0.34862455798313052)      (1.0000000000000002,-3.1079763921853592e-18)     (-1.9747388337821486e-17,0.95805035841758024)    (-0.23029253387604268,-2.9386311541635418e-17)      (4.2088018000595448e-17,0.10965664684565393) (-1.6932151302538105e-17,-2.4409215791941264e-17) (-7.2508506265451497e-17,-1.8244127567447334e-17)  (5.4546633053528989e-18,-4.4391026843616721e-17)   (2.6802918908654541e-17,1.7529037812777912e-17)    (2.1428632711536784e-17,5.484639679584894e-17)  (6.1108210087955992e-18,-7.5468946580573557e-19)   (7.9772763844816109e-18,1.7187173823944471e-17)   (1.0061252860444876e-17,9.0986751322058099e-18)  (-2.9421647082300411e-18,1.9506459385329016e-17) (-6.4087197040717252e-17,-1.9033969793906176e-17)
    (2.7811644099202113e-17,-0.11588339028818079)     (0.015242678479795992,2.2012711399170204e-16)      (1.860214208086289e-16,0.022801894767009053)      (0.13051549725656553,1.7873283457424751e-16)      (7.8152018343557813e-17,0.39325013665067221)   (-0.0094998321146703615,1.1139943040791859e-16)     (-1.628479673394069e-17,-0.95805035841758024)                       (1,-2.0542599662183855e-17)     (-1.0667210276732375e-16,0.10965664684565436)     (0.28482091877882942,-8.4777782099519242e-17) (-5.0263927114066126e-17,-7.9733585603115087e-17)   (1.2889664420889636e-16,5.9103099917309774e-17) (-2.2597687561114981e-17,-5.7560357873763113e-17)  (1.5908138828956335e-17,-5.0458733452870047e-18)   (2.7859652163647298e-17,3.9889617450295958e-17)   (1.3474100181213566e-17,3.2449867453229665e-17)  (2.3368731759843858e-17,-9.3687595612901501e-18)   (3.149664211313992e-17,-4.8042247613631977e-17) (-1.5253590025366126e-17,-3.8794924323439224e-17)   (3.4607199295823925e-17,2.0092274621476127e-17)
     (0.39000050074176479,7.1047459133604032e-18)   (1.1486614300796157e-16,-0.0011835672783838125)     (0.015640584955394277,4.8922489230143922e-17)    (-6.1009276096443799e-17,0.053191017673244259)    (-0.13966025869641063,-6.6580042965751053e-17)   (-8.9509389934823213e-17,-0.026276343977954395)     (0.23029253387604251,-1.3064906183523839e-17)     (5.8676239628569857e-17,-0.10965664684565364)       (0.99999999999999845,-1.74955096982226e-17)       (5.0098212888855565e-17,1.0996994342928827)  (7.4348557062576706e-18,-3.2121995097788976e-17)   (4.2957922466156675e-17,2.2132299404280724e-17)  (6.4659639100656983e-17,-2.4137360703782371e-18)   (-2.098097872715298e-17,4.2730254183097121e-17)   (-9.257003707722946e-18,1.8030506094927524e-17)  (-1.8924369663792453e-17,1.3272377794605068e-17)   (2.4057498565794369e-17,1.6644499211894664e-17)    (1.5167120135452024e-17,3.125864246715013e-17)  (3.1979115341701255e-17,-2.7917591067772448e-17)   (2.8959966395196949e-17,1.6823957238619787e-17)
   (2.4311847378302647e-16,0.0011835672783834239)      (-0.39556032264727925,7.759373769393232e-17)      (2.5781798448065368e-17,-0.1266628586393013)    (-0.015640584955394055,1.2107483288517424e-16)    (-1.1197935488315098e-16,0.026276343977955294)     (0.016226808385980923,7.3096180278360878e-17)    (-6.8884031869372869e-17,-0.10965664684565399)       (-0.28482091877883009,-1.1797800150768e-16)      (-1.5513422691373322e-17,-1.099699434292885)       (1.0000000000000016,8.4964448899360648e-17)  (-1.6458358513680125e-17,8.3974941321328024e-17)  (-6.627406149387689e-17,-1.8327032838571592e-17) (-1.3722127135417668e-17,-2.3453353532659605e-17)  (-5.4744675400497803e-18,8.5695567693232466e-19)   (2.7422439276981286e-17,2.7764491905665253e-17)  (1.0598414796509093e-17,-1.1526924410305468e-17)  (1.8778034339743972e-17,-1.0873139436300871e-17)  (-1.5295032916318265e-17,3.4258851428001346e-17)  (-1.5622507962044695e-19,4.9162925090430513e-17)  (-5.7751218176932271e-17,6.6573038743026726e-18)
  (1.6037378380209853e-16,1.2585162123165809e-16)   (8.5654464692411651e-17,2.4963619259490524e-16) (-1.8417575040421474e-16,-2.1718633707343861e-17)  (-1.4224420451746163e-16,-1.622887900811105e-16)   (1.6765794097529282e-16,-3.689165880693437e-16)   (3.4339160383944061e-16,1.2570744450511121e-16)   (4.943906386724347e-17,-9.1196487506250908e-17)  (-7.8835812226788359e-17,1.7033050877649735e-17) (-2.0324821813376821e-17,-1.2959455441675458e-16)   (7.8631992680476085e-17,3.9702639136528879e-17)      (0.99999999999999989,9.7806278292412737e-18)    (-2.1161093134342217e-17,-0.02819265747209071)     (-0.33178543115016795,1.2271809603425394e-18)     (1.5893555663890644e-17,0.012384297517498311)     (0.17001524071789115,-2.4862741514110081e-17)     (-4.8718816322834273e-18,0.12872300727321795)    (0.078186877599476512,-2.8323632748266825e-19)    (-6.8421018486781471e-18,-0.36092879620580648)     (-0.022467624867648972,1.059476492154425e-17)      (-7.5302698640930664e-18,0.9989078718610932)
  (-1.0349660669458051e-16,4.862741762974734e-17)  (-1.2929780517499923e-16,6.5793631081446474e-18)  (-6.5109046105446969e-17,-1.064902331193298e-18)  (-4.3902795885705881e-18,-1.088555664534259e-16)   (4.6943161716680795e-17,8.8385604317326867e-17)  (-1.0651802889232431e-16,6.4331979285951745e-17)   (9.6756068227892298e-17,4.8989619815155422e-17)   (-5.4619728715078866e-17,5.629612436055399e-17)  (3.5839872891986172e-17,-1.2210133029889383e-16)   (8.2625164373016034e-17,2.3537360724077962e-17)    (-1.0162400513052565e-17,0.028192657472090876)     (0.99999999999999956,-1.0262285230475452e-17)    (-1.4835216759325612e-18,-0.91263054056591408)      (0.22117690992763195,4.7687681329512387e-18)      (8.3918541251221805e-18,0.58219270522460964)      (-0.1010991403800939,2.1400793772868651e-19)      (1.5792882404789301e-18,0.18450083409659823)     (0.17394717914976232,-2.5497182256540179e-18)   (-6.5062007697787791e-18,-0.035787847442690063)     (-0.34432751501741166,-9.280117334593208e-18)
  (4.481710878849718e-17,-5.6748025114504993e-17)   (1.6135135882115471e-16,6.5703848966450722e-17)   (3.3368070420001862e-17,1.3808666140646159e-16)  (-6.6549421265065503e-17,2.5515021985396772e-17)   (8.9354429410489512e-17,6.4480741590723549e-17)   (-8.341075379156949e-17,1.2719311984374493e-17) (-9.0080866640748906e-17,-3.5440030674828544e-17)  (8.8758800405449933e-17,-5.4556499501224272e-17)  (-8.8976180159427301e-17,5.9669153995473381e-17) (-8.1771899440822251e-19,-9.3339505126146138e-17)      (0.33178543115016845,5.0975094912161263e-18)     (-5.8266168628821654e-19,0.91263054056591575)      (1.0000000000000004,-3.8590466968455591e-18)       (3.876464470639841e-18,0.58219282666324812)    (-0.24954338570081316,-2.4329292852412242e-18)   (-2.1576242570372441e-18,-0.045037255004071582)    (-0.048344863994952907,1.6842014838371005e-18)    (-9.0875445111790352e-19,0.054272489487912495)    (-0.046129940958522173,3.0058724792526892e-18)  (-6.1498077501813655e-18,-0.0012657640378872885)
  (2.6624856256225414e-16,1.6715058061757352e-16)  (-7.8354734923009904e-17,1.0255084649272938e-16) (-8.2961098848213659e-17,-4.2889450158305789e-17)  (-2.3994777877344661e-17,2.6985504383348655e-18)   (-1.2569685421392296e-17,-6.39483691279621e-17) (-6.7551218284251934e-17,-4.2552457105019117e-17) (-1.1638225332867891e-17,-1.0859565463958003e-16)   (1.6926632009363735e-16,2.8053001325386799e-17)  (-4.3606853852666008e-17,4.2932500943740169e-17)  (-3.4532119847290929e-17,4.6296140975569084e-17)   (-2.1854256710522721e-18,-0.012384297517498609)    (-0.22117690992763228,-3.2393873157946098e-18)     (3.1817268850066701e-18,-0.58219282666324768)                        (1,6.1863089759556793e-18)     (7.6234538392935018e-18,-0.78481324167702982)   (-0.022687530890895091,-5.9903508322385035e-18)    (-4.0398064552447436e-18,-0.27130932891305509)     (0.05859886647583834,-1.6459613534930037e-18)     (-1.7118357895777304e-18,0.15659003256334467)   (-0.017185711214826205,-2.2157107951304491e-18)
(-9.3360588183066962e-17,-7.2779252981719041e-17)  (2.0198008273074047e-16,-3.3649423900646371e-17)  (-2.7566110322201345e-17,2.1276127580749499e-17)  (8.0635035584546956e-18,-9.3012617360319978e-17)  (1.1796654333616872e-16,-2.8383075136860988e-17)   (3.057403845122063e-17,-1.4147342068381985e-16)  (-1.2934878283046058e-16,5.7933246195793466e-17) (-5.9620604060061185e-17,-7.8181480660031094e-17)    (7.411940735502671e-17,3.2436655049888588e-17)  (-2.3109733458991467e-17,1.7037119550810277e-17)     (-0.17001524071789112,-5.997663445539208e-18)     (6.6380730247948422e-18,-0.58219270522460931)     (0.24954338570081247,-6.0459142427664173e-18)       (3.569495968632217e-18,0.78481324167702826)       (1.0000000000000004,6.4147826035297763e-19)    (-3.0511981598216037e-18,-0.36246175512035744)    (-0.018221147271513968,2.8022219733261604e-18)    (-1.3566872797365174e-19,0.063487086498777975)   (-0.020255015954573269,-1.5242934117463924e-18)    (4.1205441659919998e-18,-0.040369972183543726)
  (7.7003363021989734e-17,4.0765313696605738e-16)  (-2.974085345290385e-16,-6.3505739040905474e-17)  (4.6796704287356092e-17,-1.2799114339027154e-16)   (1.0432138194783407e-17,6.5817008537263318e-17)  (-3.8109574677150214e-17,2.2819557869822651e-17)   (7.5815461849784674e-17,-3.496231179574515e-17)   (1.1669269863295825e-17,2.5760413962868912e-17)  (-7.5440924853594398e-17,2.7894171281034167e-17)   (6.3464202881956375e-18,2.2338525322906262e-18)  (-1.6039179859912877e-16,3.0583573751477327e-17)      (-4.2231221884610076e-18,-0.128723007273218)      (0.1010991403800941,-1.3300990018173243e-17)     (-8.442088808619873e-18,0.045037255004071325)    (0.022687530890895143,-6.6421155526503706e-19)      (1.0317406472420872e-17,0.36246175512035772)     (0.99999999999999989,-4.9161707011741724e-18)    (-2.3946128035566673e-18,-0.87743848010188974)   (-0.013453932052346282,-6.8491663718346045e-19)      (8.5418047569061096e-19,0.30289030349293183)     (0.026470373667639657,1.4454874426858114e-19)
  (2.6319850832866519e-16,1.0095373482194444e-17)   (1.4403989745776945e-16,3.2823981544528385e-16)  (-1.282682220056675e-16,-3.5682292226593837e-18)  (1.4335658179158744e-17,-2.3631016567779295e-17)   (6.723804264331536e-18,-1.0175064019868053e-17) (-8.1362398167042778e-17,-2.4879400311778689e-17)  (-4.4764767887649987e-17,8.3205905993249645e-18)  (4.7204222791126701e-17,-1.9211094191694631e-17)  (-3.3965006300477471e-17,4.1325593159268922e-17)   (-1.481344268804556e-17,5.7380031834670721e-17)    (-0.078186877599476512,8.7607456355185059e-19)    (-5.9374340019036223e-18,-0.18450083409659868)      (0.04834486399495249,2.5515091828599463e-18)        (1.31984440319562e-18,0.27130932891305481)    (0.018221147271513919,-6.7812560707763287e-18)     (-5.2562303344351639e-18,0.87743848010189007)       (1.0000000000000002,3.3465617762664383e-18)     (-3.3408359789377722e-19,0.36227406544754465)  (-0.0045543956241235186,-1.3137986422298877e-18)   (1.2058176350073441e-18,-0.0035967959199213382)
 (1.2317375548933015e-17,-2.7766076415614156e-16)  (-3.3738368254397636e-17,4.5376506820857565e-17)   (-4.955476705690148e-17,4.6596714700280097e-17)  (-1.4127917627142758e-17,6.9656590204185852e-17) (-3.0497499135244931e-16,-1.3350480305836169e-17)  (-1.1229752936713545e-16,8.2980461877924293e-17)  (1.2388747132777243e-17,-1.0693335478828298e-16)  (1.1743836350801651e-16,-6.2460689984011917e-17) (-3.1880835548918098e-17,-1.7114274754209254e-16)  (2.9343863594288663e-16,-4.2471332935012203e-17)      (5.8918184044267364e-18,0.36092879620580698)      (-0.17394717914976288,1.752692603613988e-17)    (1.1221444591122496e-17,-0.054272489487912384)    (-0.058598866475838028,4.1148115562439911e-19)   (-1.2477104369502945e-17,-0.063487086498778073)     (0.013453932052346823,2.5214908623838435e-18)    (-5.1467004594762718e-20,-0.36227406544754498)       (1.0000000000000002,1.9581007824892345e-18)      (1.4213524600731212e-18,-0.8748735906511883)   (-0.0044592763060907481,8.8361189174267739e-19)
  (-7.4542691787458461e-17,1.476372913825131e-17)   (1.760043223237807e-17,-2.8291305112264988e-16)   (6.6855302459286222e-17,2.7077882778926665e-17) (-1.1958762084218546e-16,-4.4698010761252331e-17)    (2.0999068150889169e-16,-2.81125851268948e-16)   (-1.50116911134747e-16,-2.8116825865000311e-17)  (-1.1182354418287102e-16,2.7264392657495081e-17)  (9.5997346754518005e-17,-7.7484438526313578e-18)  (-1.8026419011144192e-16,2.8710974536068553e-17) (-4.3133237496079003e-18,-2.3189671044019147e-16)    (0.022467624867649229,-5.0699603550314444e-18)      (1.543527647899811e-17,0.035787847442690125)    (0.046129940958522062,-1.2634928665709887e-17)     (4.5294796533431527e-18,-0.15659003256334419)      (0.02025501595457339,9.0342426460477937e-18)     (3.7052032826820448e-18,-0.30289030349293167)   (0.0045543956241232792,-1.6690993341502185e-18)       (2.5654447244620329e-19,0.8748735906511883)       (0.99999999999999956,1.747333693816405e-18)     (-4.9414667042494986e-19,0.34657743392361118)
  (1.3014654610623585e-16,4.3861109553942037e-17) (-1.8733096116001666e-16,-1.6010774143052861e-16)  (6.6447151383597386e-17,-1.7000485628904478e-16)  (1.7086772949655288e-16,-2.3933743304142022e-17)   (2.3922503490270333e-16,1.3893143335108067e-16)  (-1.5105653140348629e-16,4.0473023313289524e-16)   (6.4797699176939517e-17,1.6261260476018453e-17)  (3.1306302190820695e-17,-1.5198241642172922e-16)    (1.5878635608170498e-16,-4.06327046330711e-17)   (3.1620477460821738e-17,1.2559454714458829e-16)    (-4.8466348784447774e-18,-0.99890787186109364)      (0.3443275150174121,-1.2875297012386125e-17)    (3.0959958081595218e-18,0.0012657640378871682)      (0.01718571121482626,1.5524473400443295e-17)     (1.9011111045549671e-17,0.040369972183543767)   (-0.026470373667639824,-3.5497927215282314e-18)    (4.5109889894525823e-19,0.0035967959199215138)   (0.0044592763060903318,-5.8585198031022713e-18)    (-8.9652468729459479e-18,-0.34657743392361129)      (1.0000000000000002,-4.6228321710245323e-18)