     (0.99999999999999434,1.6503282970034716e-14)        (-1.5715306822727064e-14,1.05355203026101)    (-0.69265195883722952,-8.3226838972766761e-15)      (-9.8475350646129517e-15,0.4447916677161951)     (0.045543119138102092,1.4059961244315528e-15)   (4.6228581964684495e-16,-0.0087582398597124082)      (0.19655376372890554,2.1338119041415248e-16)    (3.8203645422777842e-15,-0.021032297079743082)      (0.45784106739741115,9.0434393370635452e-15)     (9.1018330723363805e-15,-0.64943218716126816) (-3.0341015345807061e-15,-3.8466189125929862e-15)   (3.1590202883641018e-15,-3.363419616972425e-15)   (4.1094004544618983e-15,2.9511184064033418e-15)   (4.0260839865092355e-16,1.3503206079888805e-15)    (2.5907727270680655e-15,2.430935335667432e-16)  (1.0807716765521924e-15,-1.1331021806770673e-15)  (-9.5980323006060872e-16,1.6730958775686068e-16) (-1.5575308989483957e-16,-6.0256141012555098e-16) (-6.0116170082811875e-16,-1.2548301588009869e-15)  (-4.5358688182606575e-15,4.2324721787850701e-15)
    (-1.5939191502534212e-14,-1.0535520302610204)      (1.0000000000000064,-1.3466320375015178e-14)      (7.0196661600669047e-15,0.47839736490485635)     (0.72236102030309679,-9.4084390282753494e-15)    (-1.2848349704728149e-15,-0.16044197884036418)   (-0.0017725434152230388,7.0032028619704037e-16)     (4.9545944249628286e-17,0.063745876151283271)     (-0.31105657133723996,2.9996915254591251e-15)    (-8.3624360081198228e-15,-0.70120468882612774)     (-0.49169535536015047,8.8641049507509614e-15)  (4.7849146910750106e-16,-4.0983846465564597e-15)   (4.3044093031972558e-15,1.5420645250204268e-15)   (-3.4190539741760098e-15,4.142558881440689e-15)  (-9.8328661057776101e-16,1.0551074352369381e-15)  (-5.2372602475087749e-16,2.5319204851193391e-15)   (1.4308431318790738e-15,3.4652916518115455e-16)    (3.999169679322729e-16,-8.999281341326111e-16)   (1.2625337451820026e-16,2.5277465397740332e-16) (-3.7124430532589028e-16,-1.1250874320930657e-15) (-4.7931561314479785e-15,-1.1494073547243305e-15)
    (0.69265195883723607,-8.6919740369741851e-15)     (6.6262843142821714e-15,-0.47839736490485069)      (0.99999999999999833,3.1930250910725304e-15)       (5.1147055508310822e-15,1.1470090729904512)     (0.18871597659263148,-4.9198794114928979e-16)    (-3.8585519121678836e-16,0.038564395324125103)    (0.0043463489802480848,-1.351514443668117e-16)    (-1.4048439744563571e-15,-0.16032283769316436)     (0.33505807243764352,-4.3255907350325042e-15)    (-4.9245099531765204e-15,-0.23659835370918131)   (1.9851866530857561e-15,5.6684552776573228e-16)  (-1.1237087584986941e-15,2.1457893301712978e-15) (-2.1073525728815434e-15,-2.0346470640304937e-15)  (-5.468071487321274e-16,-3.9958075156025795e-16) (-1.1803058451070188e-15,-5.2836546640303327e-16)  (-2.5151997560324528e-16,7.7322122846470801e-16)   (5.3724148375105388e-16,1.8983111380696719e-16)   (8.8250155009629404e-17,1.1976137254924577e-16)   (4.5157852461604838e-16,1.4906448458885603e-16)  (9.6070315420710036e-16,-2.4161805453348711e-15)
   (-1.0074401675630631e-14,-0.44479166771619977)     (-0.7223610203030878,-9.3562877752122659e-15)      (5.2454529303443515e-15,-1.1470090729904432)      (1.0000000000000013,-5.5303089013562199e-15)    (-9.4204730204142459e-16,0.013209493686092026)     (-0.15491436643780396,2.1279770326195981e-16)     (3.4373245242755823e-16,0.098226830775421423)     (-0.16046958534576217,2.3805542548610595e-15)    (-5.7513871508580143e-15,-0.23181622930138995)    (-0.074005497420127811,5.3827637104400842e-15)   (8.317886553263347e-16,-2.4351318814682274e-15)    (2.369756787398862e-15,1.2427473705142762e-15)  (-2.0015738329594038e-15,2.4532463435818048e-15)  (-8.7266752461181939e-16,7.0780062550309138e-16)  (-2.0750834165028104e-16,1.7635764675331893e-15)   (6.9962751982592398e-16,5.1197590910490244e-16)  (2.3704686325485494e-16,-5.5198912809244744e-16)    (3.284511258778766e-16,-2.142924725267859e-16)  (2.2775975492579109e-16,-5.9961740699925175e-16) (-3.0237595654021015e-15,-1.2170346656868248e-15)
   (-0.045543119138105249,2.3046861801113973e-15)     (-1.5740750967600524e-15,0.16044197884036621)     (-0.18871597659263148,-9.302219591724429e-16)   (-1.0321476837448003e-15,-0.013209493686092632)      (0.99999999999999889,1.8728203682847327e-16)          (5.0720474714137e-17,1.0142639355188146)     (0.15534505085370862,-4.4719552844511578e-17)    (5.0179375465444957e-16,-0.089759256126988096)    (-0.033749169015990232,1.2601511844297675e-15)      (1.148167820862555e-15,0.015962847011108373)  (1.7225671292531708e-17,-2.0023814208018599e-16)  (1.5253746457205555e-16,-2.1061411037770634e-16)    (5.7071711346413087e-16,1.699324502227213e-16)   (5.3362072285872646e-17,1.5227885075284742e-16)  (2.6762332611172865e-16,-1.4257621991777785e-17)  (1.0377530141648058e-16,-1.1679586006799015e-16) (-1.2851208406301055e-16,-3.9678683736508384e-17)  (-2.7476894393302014e-17,8.3704534281052022e-18)  (7.1921569388638623e-17,-3.2325621271779044e-17)  (-3.4816543614012526e-16,1.6482690365321616e-17)
   (6.3488267423872052e-16,0.0087582398597126632)    (0.0017725434152213607,-1.467089198637911e-16)    (1.3375672026743866e-16,-0.038564395324126123)      (0.15491436643780254,2.1635288952914138e-16)      (5.7628862764931756e-17,-1.0142639355188163)      (1.0000000000000009,-2.7084013954812652e-17)    (-7.8420205331077884e-17,-0.11679581621777903)    (-0.13474886062641073,-1.8683317057156379e-16)     (3.205241273032348e-16,-0.007365582018457383)     (0.04280077626811335,-2.0968280623752256e-16) (-1.7891880627720776e-16,-4.4673469204064433e-16)   (5.4785045666381921e-18,9.3686349793332264e-17)     (-1.43478776844855e-16,-3.16782195949443e-16)  (-3.9820382580146152e-17,3.5725848106156768e-17)  (-5.270544584013754e-17,-2.0473968468370731e-17)   (7.6090603943952606e-17,5.0425446976531496e-17)    (6.0271386140116484e-17,-5.90927711197023e-17)  (4.7740123906029232e-17,-1.2216270963634015e-16) (-9.6783100433332278e-17,-1.1416068105395696e-16)  (-4.6733636242059452e-16,2.8239090474325114e-16)
   (-0.19655376372890382,-1.0866834615239664e-15)    (7.0202294383860286e-16,-0.063745876151282646)   (-0.0043463489802465262,1.8323970012329704e-16)    (8.9197856896951594e-16,-0.098226830775418592)    (-0.15534505085370551,-1.8990846505051732e-16)     (-5.6425174218228679e-18,0.11679581621778011)      (0.99999999999999845,9.5780081391942835e-18)      (-3.0537350180815344e-16,1.0308283265131928)     (-0.1800668842095671,-6.9260685518204247e-16)   (-4.8532861205970142e-16,-0.072443715826883776)  (-5.2240657179381405e-18,2.5847766089210371e-16)  (7.4578225650231267e-17,-4.4410996656387892e-17)   (7.9508153822131983e-17,2.4491781128068456e-16)   (1.1851965276551309e-16,9.8749978981595048e-17)   (1.2285448869186588e-16,4.0970438817560092e-17)  (6.7691851453623522e-17,-6.5433464992005021e-17)  (-1.533957705267923e-16,-1.0814908248276345e-16) (-9.3922900108870719e-17,-8.0025255210973658e-17)   (1.1377967705551682e-16,1.2292439746142749e-16)   (2.5991078379503683e-16,6.9620241386380927e-17)
     (4.665118563203377e-15,0.021032297079747943)      (0.31105657133723819,4.3777058064783007e-15)     (-2.0750148559818175e-15,0.16032283769316436)      (0.16046958534575828,3.0372391661678184e-15)     (4.6132267797224772e-16,0.089759256126991482)     (0.13474886062640928,-7.8661203000528064e-17)      (5.0279687737140224e-17,-1.0308283265131979)      (1.0000000000000027,-1.1125912686569012e-15)     (2.6361455828929751e-15,-0.20974940140686271)   (-0.011849481340261354,-2.4735804148554248e-15)   (-8.9209415978821758e-16,3.065889801080987e-16) (-3.3852104668966791e-16,-6.3867448582163232e-16)  (5.8034242947519829e-16,-6.5085762927705091e-16)   (1.725111691805454e-16,-6.2540327018775094e-17)  (9.7079484431692461e-17,-3.5352369623926617e-16)  (-6.4449471141409735e-17,-1.893702077278977e-16)   (8.3234131338684797e-17,1.3186785800982059e-16)  (-2.4293539682406098e-16,5.1782207358570081e-17)  (-3.659144435385804e-16,-3.3332934012984686e-17)   (5.9824565725061997e-16,1.0059626580958836e-15)
    (-0.45784106739741337,9.3237703846193702e-15)     (-8.9129237271938046e-15,0.70120468882611531)    (-0.33505807243763613,-4.6616165438308837e-15)     (-5.5391355585269635e-15,0.23181622930138474)     (0.033749169015991794,8.1092586740042633e-16)     (2.863282019232125e-16,0.0073655820184613131)      (0.18006688420956854,4.8974284205080153e-17)      (2.1803418863620511e-15,0.20974940140686488)      (0.99999999999999523,5.0974586006600376e-15)        (5.05473033249025e-15,0.87519689296766312) (-1.5077264996981633e-15,-1.9433879701214134e-15)  (1.6063165392237793e-15,-1.7665103061400795e-15)   (2.1856552064547133e-15,1.6641147632788941e-15)   (2.5723042566007104e-16,6.8898158172942777e-16)    (1.3514536105638246e-15,2.151300446487226e-16)  (5.4782010456007384e-16,-5.5913436353319842e-16)  (-4.5720454334838676e-16,4.1505564229890965e-17) (-6.3417318492649949e-17,-2.6086870339092972e-16) (-2.8768691616092115e-16,-6.8979748001951321e-16)  (-2.3187435799436111e-15,2.1181657906076992e-15)
     (8.8146157976092935e-15,0.64943218716127471)      (0.49169535536014719,8.1735749056986017e-15)     (-4.2857005040208092e-15,0.23659835370917773)     (0.074005497420125119,5.1701081024605892e-15)    (7.2909157553908929e-16,-0.015962847011105362)   (-0.042800776268115424,-2.9519863967907481e-16)     (1.1272331432700065e-16,0.072443715826884289)    (0.011849481340263226,-1.8881736593967417e-15)     (4.6776228304937299e-15,-0.87519689296766545)      (1.0000000000000042,-4.8543221484698078e-15)   (-1.450582044003025e-15,1.9394536520570823e-15) (-2.1432554404060465e-15,-1.5265663094407248e-15)  (1.8176209623745214e-15,-2.4556403895016487e-15)  (7.5087433446241133e-16,-4.1289710375065332e-16)   (1.909687458052156e-16,-1.5220920982796031e-15) (-7.5027462799925253e-16,-5.1110800890950768e-16)  (-3.4880516831956783e-17,5.6909471742946507e-16)   (-2.4897893144694578e-16,1.237591992369603e-16)   (-3.953568628128399e-16,4.6969798645962626e-16)   (2.5360987192173519e-15,1.8404049391385757e-15)
  (-8.2589748633076173e-16,4.265290652921642e-15)  (-7.5100209307477884e-15,9.5766048570241178e-17) (-1.7489082318684721e-16,-4.6107415039828271e-15) (-4.2528157085338227e-15,-2.7228075971743123e-16)  (-8.6354460544898865e-17,1.2096116652900317e-15) (-1.5556957654002921e-16,-2.3037787014405152e-16)   (4.4423321755976995e-17,1.2263818851934828e-15)    (8.9117631655926748e-16,3.931520632685372e-16)  (-5.1302713276206561e-16,2.5626360962959991e-15)   (3.2708487718444689e-15,3.3334291691547288e-16)       (1.0000000000000588,3.3995857171272862e-16)      (1.3277802065642858e-16,-2.2578705635749103)       (2.0415911287155386,1.2677717236500477e-16)      (1.542561720788506e-16,-0.28055206849250364)     (0.57653194656861451,-1.1980423162788007e-16)      (9.0904896438949999e-17,-0.2561590840048506)    (-0.10972384799450506,-5.7513322411735354e-17)      (-1.6264602034329831e-16,0.2422202637925559)      (0.16433674772027607,1.9041505261577298e-16)     (3.3078786660327103e-16,-0.48841809284305704)
 (-4.5191906050097242e-15,-1.170761737343181e-15)   (1.841234267095113e-15,-5.8853791093830961e-15)   (3.4207314744684505e-15,1.0974397451631893e-15)   (9.165090889342108e-16,-3.3647243399657516e-15) (-1.3013523156211007e-15,-2.5242339215355364e-16) (-3.2926394961883999e-17,-5.2128752925664581e-16)  (-4.7885560714774092e-16,8.7872474540698295e-17)  (-5.2248437954964696e-16,1.1411693253339995e-15) (-2.5261245239559715e-15,-8.2993050452873486e-16)  (-6.4794918782284562e-16,2.8478083468918615e-15)      (-6.9602366392394477e-17,2.2578705635750014)      (0.99999999999996136,3.7669084048168476e-17)     (-6.5709452321205994e-17,0.49496639228854256)      (0.21742214229934276,9.8839977280715846e-17)       (8.352237967721211e-17,0.10552993708315089)    (-0.078417721820122965,3.7680082897562071e-17)    (9.3590930132545828e-18,-0.022081688836981098)    (-0.36396245136488753,-4.9406446550530561e-17)     (-5.3412591172519996e-17,0.49605023463703324)       (2.1011356027995598,6.3479290448137807e-17)
  (8.0783210037032993e-16,-6.283832719184581e-15)   (5.4062327115495451e-15,2.0839343130976571e-15)  (-1.1710266487738004e-15,2.9849110829803777e-15)   (3.0856388712743283e-15,1.1077754471950844e-15)  (3.4671098290894144e-16,-1.1649549650183479e-15)  (6.0946998525054067e-16,-9.6557072155941738e-17)  (5.4079672957202425e-17,-3.9884535755889124e-17) (-1.2631598791713259e-15,-2.3899732253357336e-16)  (6.3486731947537012e-16,-3.2109760155439384e-15) (-3.3502301235025866e-15,-5.1050165072138373e-16)     (-2.0415911287155888,-1.6074377401606684e-16)    (-5.5768458186685569e-17,-0.49496639228858197)      (1.0000000000000142,-7.3009302631600246e-17)   (-1.2379487527344078e-16,-0.068800418813503669)      (0.20254568617952895,1.0449001235382866e-16)    (-4.2899361990352944e-17,-0.29443038743031524)    (-0.033786692233889942,1.4063256958810142e-17)     (7.5435530754594109e-17,-0.35510288581265387)    (-0.58454285068651435,-8.6994200249493721e-17)      (-1.5455316630045252e-16,2.2559783767926342)
  (1.6583784341156059e-15,5.4980752715185537e-16)   (2.2051848968861861e-17,1.0678319858038866e-15) (-7.8453768199673627e-16,-1.4130160911090076e-16)   (1.9707677086847534e-16,1.1407315179829848e-15)   (5.1342627876012111e-16,1.7017728620300621e-16)  (-1.7349194504796987e-16,1.6052553205130645e-16)   (4.3850543088270393e-16,-5.344123877166858e-16)  (6.1838586389275575e-16,-5.6011203178302126e-18)      (8.4089254217217e-16,2.5788216844144886e-16)  (2.0076635143193812e-16,-1.0716788208731687e-15)     (-1.1786719813668647e-16,0.28055206849249448)    (-0.21742214229933743,-4.9466379516984564e-17)     (1.0254639502707559e-16,0.068800418813507846)     (0.99999999999999711,-4.4152792635136831e-17)    (-2.5442354551530451e-17,-0.91798666718863176)     (-0.32687083600162142,-6.636684513278571e-17)     (-3.2697205424086524e-17,0.53728047983367433)    (-0.012681536447014863,1.6803062682221335e-17)     (5.587834197531494e-18,-0.019895028338656195)      (0.24684176166868266,1.3066289151912711e-16)
 (4.8104382008821016e-16,-2.8358874139685254e-15)    (3.606149194934806e-15,1.2825325460620556e-15)  (-8.1401842167269204e-16,1.7675075167519091e-15)   (1.8611208092703889e-15,4.6973428100851199e-16)   (3.1313773612116522e-16,-6.209131211413913e-16)    (5.5080500521321321e-16,1.917119943311238e-18) (-3.9786087687757056e-16,-5.4048133603213596e-16) (-3.0996555859987173e-16,-6.0147630159947656e-16)  (2.8573612246990031e-16,-1.3625213216463192e-15)  (-1.780339637861963e-15,-3.1650986241076456e-16)     (-0.57653194656864726,1.7581179743329921e-17)    (-5.4131799138681457e-17,-0.10552993708317636)     (-0.2025456861795128,-9.4566391983056106e-17)     (-7.0902569879513881e-17,0.91798666718863775)       (1.0000000000000062,5.1962994039146772e-17)      (-6.2073485519054136e-17,0.4953593441758779)      (0.28870509765234248,2.9256359746266115e-17)     (4.6921028487376883e-17,-0.12362554218413702)    (-0.21349076021460528,-4.4209166366183764e-17)      (2.7391814075552055e-17,0.62277004992395535)
 (-1.7771491833179319e-15,5.8833195612633745e-17)  (5.1266632115904688e-16,-2.5706617536846308e-15)   (1.2888090565854027e-15,4.5270183879641293e-16) (-7.8797623827531076e-17,-1.5050007827332662e-15) (-4.7668079185150776e-16,-3.0095528969859136e-16)  (2.5724024407998404e-16,-3.1126267090691726e-16)   (-4.2743129827272721e-16,1.313068421315163e-16)   (-2.119817677507505e-16,1.9474356646594873e-16) (-9.6409600270257589e-16,-9.8143539763263441e-17)    (5.074793084611314e-17,1.1852984116318787e-15)      (1.6823563069753078e-16,0.25615908400488441)     (0.078417721820098985,5.9679841684340547e-17)     (-1.3999530340260004e-16,0.29443038743030314)      (0.32687083600163036,8.3539351380793721e-17)     (5.6250080280324249e-17,-0.49535934417589167)      (0.99999999999999267,7.9816418022854382e-17)     (3.1362287879675315e-17,-0.89046749881069664)      (-0.0586227760344738,7.8345278120493823e-18)      (2.5325604825998105e-17,0.18357868097973518)     (0.32846703834725965,-1.8899316431934361e-16)
  (2.1137563116921166e-16,1.5911090505046068e-15)  (-1.417195353082679e-15,-5.4313550916985525e-16)    (5.23769658094958e-16,-5.8287649005494294e-16)  (-9.2572899508909271e-16,1.3632004733275222e-16)  (-3.4918804645435029e-16,3.2438724269043993e-16) (-3.2915113769603985e-16,-2.2554340593629535e-16)   (1.8945893721246683e-16,3.5588178165872782e-16)   (8.5055610917063273e-17,2.7083596005927759e-16)   (2.1321702257273227e-18,7.4985937236311807e-16)  (8.8153204672651239e-16,-1.2799650125740124e-16)     (0.10972384799450374,-2.2640205251541653e-16)     (5.4474020462607304e-17,0.022081688836975477)       (0.033786692233892079,1.43083695679168e-16)      (6.9633128863516727e-17,-0.5372804798336831)     (-0.28870509765234714,-4.321223229941679e-17)       (8.2094083855046319e-17,0.8904674988107022)      (1.0000000000000047,-3.2444350356585217e-17)      (2.1618090157703297e-17,0.12021099215473852)    (0.004078230435759167,-4.3935238560524213e-17)   (-2.4810904752065886e-16,-0.002676698750035289)
(-1.1089221649818588e-15,-1.8352486017677287e-16)  (-1.9539443795657671e-16,-4.952166925499552e-16)  (5.0434453504958947e-16,-1.1931194231717124e-16) (-3.8618046352357839e-17,-2.7762772393018288e-16)  (-1.3369220017762491e-16,1.0385867839545723e-16)  (-1.0978194837841321e-17,9.3222903081075765e-19)  (8.7535326345180103e-17,-9.9836595059767537e-17)   (9.0767570082264128e-17,2.5158296092794901e-16) (-6.0619155744861361e-16,-2.3309409090539702e-16)   (1.8161124517423884e-17,5.6418682272206709e-16)    (-9.6305132600959794e-17,-0.24222026379257741)      (0.36396245136490862,1.6311947736283373e-17)     (-2.3397743924228764e-18,0.35510288581266108)     (0.012681536447016195,1.8390880158500623e-17)       (1.6380331977378685e-17,0.1236255421841409)     (0.058622776034483695,6.3075907578381001e-18)     (7.5644811813675732e-18,-0.12021099215473549)       (0.9999999999999879,-3.168509621870066e-17)     (-4.0330377527419314e-17,-1.0459303536099664)     (-0.41521905114823188,9.7898896679292903e-17)
  (-1.9907132374662393e-16,5.590242721598121e-16) (-2.8184415605704129e-15,-8.2938462533820443e-17)   (-3.040772907470565e-17,-1.769388855277709e-15) (-1.1947546033620655e-15,-1.1920429826216788e-16)   (1.2391020085460777e-16,3.4982933289735405e-16)  (-7.1119361142459217e-18,1.7241506593069874e-17)   (-1.529692822328652e-16,3.5433302522186065e-16)  (3.1921471152457655e-16,-8.7690735613650477e-17)  (-2.6135885048129053e-16,4.7581182721642492e-16)   (7.3104936025987497e-16,3.2070207828971671e-17)     (-0.16433674772021414,1.6357376182027024e-16)     (2.4613786576984204e-17,-0.49605023463697734)       (0.58454285068648393,7.467654886662509e-19)     (3.1856652035941923e-17,0.019895028338652174)     (0.21349076021458599,-2.8839832564915385e-17)      (7.047445261243075e-18,-0.18357868097972038)    (-0.004078230435763542,-9.391491587773174e-18)      (-5.3594148224144992e-17,1.0459303536099573)        (1.000000000000022,6.8093503137682565e-17)      (1.6664606339890165e-16,0.20039651519300719)
  (5.4476603295390652e-15,1.4187914118606737e-15)   (3.5645101124711131e-17,8.9548802334827649e-15)  (-5.4540791878822049e-15,1.8075570948439754e-16)  (-3.7832766622234116e-16,5.0115055362905828e-15)   (1.4822255135613789e-15,3.4592880186793496e-17)  (-2.4353749893003134e-16,2.7991662253506727e-16)   (1.2748981705634492e-15,-9.697483378128602e-17)  (4.9938760773889672e-16,-1.1980262438469348e-15)    (3.2197432110570034e-15,8.553928758362077e-16)  (5.6376054678538492e-16,-3.9914192379068608e-15)       (4.0425076743787846e-16,0.4884180928429549)     (-2.1011356027994847,-1.3982126787543388e-16)       (1.279900743479413e-16,-2.2559783767925876)    (-0.24684176166869043,-1.7599736697859191e-16)    (-1.4005254076003427e-16,-0.62277004992392693)    (-0.32846703834723273,-9.2257710157279993e-17)   (-5.7487508793411339e-17,0.0026766987500347235)      (0.41521905114822089,1.8411094399205766e-16)     (2.1724481480675854e-16,-0.20039651519305945)     (0.99999999999995293,-3.9620902867381158e-16)