     (0.99999999999999323,1.6299144925072284e-14)      (-1.5916706701743215e-14,1.0535520295433132)    (-0.69265195845467598,-8.4818293450131883e-15)      (-9.9625680682855016e-15,0.4447916673866758)     (0.045543119057411104,1.4734653939916976e-15)   (5.1898990374045251e-16,-0.0087582398216469442)      (0.19655376364240734,9.9999066833291463e-17)      (3.637456524052442e-15,-0.02103229704895444)      (0.45784106736411884,8.9656027793018659e-15)     (9.1010941363963641e-15,-0.64943218706520256)  (-2.710853942140419e-15,-2.3311340375584808e-15)   (1.5400857830112897e-15,-2.639269160113193e-15)   (3.4220487918292342e-15,2.0133132880442787e-15)    (6.125139465623582e-16,1.3344177772764282e-15)  (2.3602271108195293e-15,-1.3265482165576877e-16)  (5.6053539143326311e-16,-9.1133422655231614e-16) (-1.0561089447333639e-15,-1.0805211408510456e-16)  (6.0745181367383066e-16,-9.8204416433864872e-16) (-3.1714066842753766e-16,-2.3938720023228783e-16)  (-3.5839384882722367e-15,4.2793801772215401e-15)
    (-1.6163037935990737e-14,-1.0535520295433232)      (1.0000000000000067,-1.3269070978929981e-14)      (6.8638285338554642e-15,0.47839736489494633)     (0.72236102019833059,-9.3118221847967353e-15)     (-1.263681747810567e-15,-0.16044197884249084)   (-0.0017725434376431085,6.8490680423529826e-16)    (-1.2936530715718844e-16,0.063745876064210963)     (-0.31105657120196234,3.2417380944241718e-15)    (-8.4105317986650812e-15,-0.70120468845268014)     (-0.49169535506372863,8.8183201823620579e-15)  (2.1380633123452607e-15,-4.3651374245431275e-15)    (5.099799170060829e-15,3.1719098143729423e-15)  (-4.2691941074636169e-15,4.9719382632332928e-15)   (-1.014785501575248e-15,6.9473744474315122e-16)   (-7.867187021449856e-16,2.7903165749858642e-15)   (1.6849625942075821e-15,8.6315250299237313e-16)  (2.2109878730504406e-17,-7.7382585242448526e-16)  (-3.4866005224001671e-16,-4.239040928234451e-16)  (6.4281062679918127e-16,-1.4497352362753714e-15)   (-4.640391471191674e-15,-2.247620313495417e-15)
    (0.69265195845468264,-8.7955904907486335e-15)      (6.581071908770008e-15,-0.47839736489494078)      (0.99999999999999978,3.1523866740151527e-15)       (5.1294983594797854e-15,1.1470090729391569)     (0.18871597659487871,-6.2165579884648488e-16)    (-5.0624262384062182e-16,0.038564395311648875)   (0.0043463490278539988,-3.1120332357398206e-16)    (-1.5772232192177906e-15,-0.16032283762148244)     (0.33505807223904516,-4.2378042313646225e-15)    (-4.7781145532277141e-15,-0.23659835355250611)   (1.8544826164742371e-15,1.2030433746594575e-15)  (-1.1046130053148926e-15,2.3133873700032241e-15) (-2.4397381394427297e-15,-1.5644331823852964e-15)  (1.4451769682446947e-16,-4.3956541413980023e-16)  (-1.2431840906557287e-15,7.3840078010650193e-19)  (-2.2864238517478167e-16,8.4917089754718393e-16)  (4.6445153194782104e-16,-2.7852233391851569e-16) (-3.1762989050098546e-16,-9.9883590973591325e-17)     (5.4352131105421041e-16,1.48871874352249e-16)  (1.6546757762799768e-15,-2.1680493326138191e-15)
    (-1.0005196537888648e-14,-0.4447916673866808)    (-0.72236102019832171,-9.5042354412675796e-15)      (5.3223626557172571e-15,-1.1470090729391511)      (1.0000000000000004,-5.6216772333209166e-15)    (-1.0909013293712228e-15,0.013209493673337265)     (-0.15491436645365433,3.4484124722587209e-16)     (1.6964164443976226e-16,0.098226830722816905)     (-0.16046958528814556,2.4884329423881284e-15)    (-5.6035189962094494e-15,-0.23181622913478778)    (-0.074005497298053516,5.2223748613415972e-15)  (1.0351295483789658e-15,-2.2111133475372969e-15)   (2.2913005730028462e-15,8.4891046774181914e-16)  (-1.3763691107652188e-15,2.5432776296425452e-15)  (-9.2594974124069759e-16,9.0537122719220712e-17)   (3.8990881423690199e-16,1.7446990441743619e-15)   (7.1210927294194767e-16,3.6449890470627524e-16) (-1.5343755341848409e-16,-4.9539983583558371e-16)   (2.1348894665633539e-16,3.4931758543276393e-16) (-3.6792345206815589e-17,-6.3238450263070223e-16) (-2.8223747227033404e-15,-1.5859169126297571e-15)
   (-0.045543119057410604,1.6636106860110539e-15)     (-2.3336020328255896e-15,0.16044197884248904)     (-0.1887159765948779,-1.3406340117662575e-15)   (-1.2913130908989408e-15,-0.013209493673336991)      (0.99999999999999989,2.3084821334862315e-16)       (6.7261321286043638e-17,1.0142639355212233)      (0.15534505084417438,1.0762431569928957e-16)    (4.0869804639009112e-16,-0.089759256142289481)    (-0.033749168973903593,1.0163703143264157e-15)     (1.0434618913907431e-15,0.015962846977495171)   (1.4788240731149805e-16,1.2757437633397426e-16)    (9.597811108065718e-17,2.0919133220626913e-16)   (1.5117537639797696e-16,3.5319858982563941e-16)   (3.7182579466954088e-17,2.4686653010581449e-16)  (1.1679601416546777e-16,-4.7316024281715126e-17)  (6.1636383561469898e-17,-5.3825857609763571e-17) (-8.9970797720073669e-17,-1.6530101346440699e-17) (-1.1758788347749016e-17,-6.7175422081936926e-17)    (3.904044943353462e-17,1.4826630911931984e-16)   (6.3910044386965422e-17,1.6993004075451151e-16)
   (4.8214248057486101e-18,0.0087582398216455321)    (0.0017725434376391917,5.8844312979472417e-16)   (-2.6233383641521229e-16,-0.038564395311650158)      (0.15491436645365236,4.5781381920245072e-16)      (7.1326118908931438e-17,-1.0142639355212233)     (0.99999999999999989,-1.6961945339449834e-17)       (4.62759201466083e-17,-0.11679581621586224)    (-0.13474886063454738,-7.7576306077556332e-17)   (1.0391461741693305e-16,-0.0073655820393057035)    (0.042800776249390243,-1.3398677220791855e-16)  (1.4103336587861221e-16,-5.2562448690848175e-16)    (3.9476031466725933e-16,2.830895881747748e-17)    (1.845617520408999e-16,1.0650812895463443e-16)   (4.643581703954858e-17,-5.2126029147677049e-17)    (3.344138015684814e-17,1.2218321466734935e-16)   (1.3579867426791479e-16,4.9691438622168899e-17)  (2.2417320914056438e-17,-9.0156504669131727e-17) (-4.0180722487850815e-17,-1.1744766692094847e-17)  (5.3824647098456691e-18,-7.8577147736818319e-17) (-2.7315880027899891e-16,-1.7047460853601719e-16)
   (-0.19655376364240668,-1.1351232726862082e-15)    (6.0924166217426367e-16,-0.063745876064210616)   (-0.0043463490278529875,8.8028964654722249e-17)    (7.9997717928267197e-16,-0.098226830722814101)    (-0.15534505084417244,-1.4080218801169881e-16)        (2.7604628898904645e-17,0.116795816215864)       (0.99999999999999833,1.094807053407835e-16)      (-2.3092296560736341e-16,1.0308283264931548)    (-0.18006688416052052,-6.9926907877264049e-16)   (-4.9659727836274436e-16,-0.072443715874263487)   (2.4455696264016671e-17,2.4931677785240395e-16)  (1.0564954281990295e-16,-2.0758251185366501e-16)     (3.246861998071843e-16,2.831975475047446e-16)   (4.1156780564429041e-17,1.3026750127562053e-16)  (1.8222977246342944e-16,-1.2893972014332038e-17)  (6.2706078245087905e-17,-1.3811834551872679e-16) (-9.6839087155475234e-17,-5.0937671150420235e-17)  (-6.4725683037789511e-17,1.0566404378790209e-16)  (-1.1441974999442753e-18,1.5584787909064448e-16)   (2.912150933868624e-16,-4.6753453771783398e-17)
     (4.539029254421212e-15,0.021032297048960282)       (0.3110565712019624,4.5385210175141289e-15)     (-2.2356504467771079e-15,0.16032283762148353)      (0.16046958528814295,3.1723246253694356e-15)     (5.1153691261310667e-16,0.089759256142291716)     (0.13474886063454589,-1.0947605328654784e-16)      (8.7183863438122819e-17,-1.0308283264931577)      (1.0000000000000027,-1.1055213424231476e-15)     (2.6304469100025967e-15,-0.20974940141660803)   (-0.011849481334870149,-2.4961417752989862e-15)  (-3.2658108949536141e-16,2.1302858241062057e-16)  (-2.548012401374171e-16,-1.0211028759833303e-16)    (3.22064637344984e-16,-6.2351849315043652e-16)   (1.938952684237024e-16,-8.7503044446623725e-17) (-6.4807424579139583e-17,-3.3181007785895513e-16) (-5.8266978053730076e-17,-3.8016526147255017e-18)   (2.5908904125842288e-17,1.1628858319618634e-16) (-2.0992462872849114e-16,-2.1970034090724836e-16)  (2.3366563375102779e-17,-1.3944232178931258e-17)     (5.535592674900146e-16,5.925827272494954e-16)
    (-0.45784106736412478,9.2719067154796695e-15)      (-8.949105203937051e-15,0.70120468845267048)    (-0.33505807223903994,-4.7569349964561627e-15)     (-5.6150495803251737e-15,0.23181622913478259)       (0.033749168973905293,8.07912061042526e-16)    (2.7397414807834986e-16,0.0073655820393073498)     (0.18006688416052088,-3.2141334681412924e-17)      (2.1002300274668953e-15,0.20974940141661041)      (0.99999999999999434,5.1597294583696399e-15)      (5.1474630803057132e-15,0.87519689300390024) (-1.4972500590613435e-15,-1.2277831641689151e-15)  (7.7079885133189622e-16,-1.5509236716252796e-15)    (1.910908235215264e-15,1.1403831919396993e-15)   (2.3030971984146385e-16,6.7553806371899509e-16)   (1.2793973651817842e-15,-7.427486037478292e-17)  (2.7937474657350809e-16,-4.8829505978330363e-16)  (-5.0099516619592984e-16,-3.463736817287285e-18)  (3.7492845812863048e-16,-4.1041102060091648e-16) (-2.1256206560734566e-16,-1.6814100823243193e-16)  (-1.8929931278584078e-15,2.2377888695133555e-15)
     (8.8401202588773883e-15,0.64943218706521177)      (0.49169535506372597,8.1256290280723068e-15)     (-4.3116910385705141e-15,0.23659835355250342)      (0.07400549729805217,5.1948239980641617e-15)    (7.0984807064912508e-16,-0.015962846977494734)    (-0.04280077624939168,-2.7250507503304012e-16)     (4.6459977535189679e-17,0.072443715874263334)    (0.011849481334872635,-1.8483471742751345e-15)     (4.7549908163837656e-15,-0.87519689300390069)       (1.000000000000004,-4.9383584761329742e-15)  (-1.1290595536509431e-15,1.9970376290436823e-15) (-2.0763789281808404e-15,-1.0576427437281796e-15)  (1.4683518295485729e-15,-2.3190825898199371e-15)   (7.3525388955509463e-16,-3.142054384258864e-16) (-3.0810671934295886e-17,-1.4971137572109496e-15) (-7.2060758435993022e-16,-3.6296189409667793e-16)  (-2.0952663118658948e-18,5.9847283633268892e-16) (-3.3396620763714788e-16,-1.5734858388716096e-16)  (-1.1845505129128117e-16,4.3900822491405551e-16)   (2.6436782843944876e-15,1.6930854819551605e-15)
 (-1.0052235035326126e-15,7.5347985616055666e-15)  (-3.5017821631374993e-15,3.5088618862994382e-16) (-4.3824703086277807e-16,-2.3670023149460557e-15) (-2.7491283523887072e-15,-3.4361258439710241e-17)   (4.1786118610032748e-17,8.4175942251135112e-16) (-3.4792267611244164e-16,-3.2206332187767172e-16)    (1.550476235961215e-16,8.5082586692731934e-17)   (1.0408761087837275e-15,3.5714907382113658e-16)   (-5.482929334526339e-16,3.8352758884992831e-15)   (3.8993987590454077e-15,3.3795266920190569e-16)       (1.0000000000000293,3.3995857324279534e-16)      (1.3277801909041564e-16,-2.2578705635607657)       (2.0415911285685784,1.2677717044112528e-16)     (1.5425617232783719e-16,-0.28055206852295678)     (0.57653194651365203,-1.1980423247340328e-16)     (9.0904895818891128e-17,-0.25615908398849863)    (-0.10972384792678859,-5.7513321968112324e-17)     (-1.6264602068557231e-16,0.24222026390688828)      (0.16433674766741457,1.9041505305034708e-16)      (3.307878686309165e-16,-0.48841809296426808)
(-5.0200313016479977e-15,-1.2756651491518244e-15)    (1.681548552603903e-15,-5.252239783015224e-15)   (2.9905786877974499e-15,9.5187615788199199e-16)  (7.9289182769899432e-16,-3.0362500056237803e-15) (-1.1640543527738182e-15,-2.2499402506681395e-16) (-2.5304143569088241e-17,-6.1505386269438213e-16)   (-2.8859314857412962e-16,2.078203976283254e-16)  (-4.4275897528892377e-16,1.1526427449457627e-15) (-2.7110019796496666e-15,-8.2207918296145749e-16)  (-6.3380830131049858e-16,2.9339384959344337e-15)      (-6.9602367659841516e-17,2.2578705635607879)        (0.99999999999999389,3.76690827588702e-17)     (-6.5709450730316517e-17,0.49496639215224536)       (0.21742214232872648,9.883997748271157e-17)      (8.3522380370677643e-17,0.10552993703370617)    (-0.078417721831688214,3.7680082382281283e-17)    (9.3590926441173774e-18,-0.022081688769907105)    (-0.36396245148170359,-4.9406446835189934e-17)     (-5.3412591529907414e-17,0.49605023457737496)       (2.1011356029079615,6.3479292128028148e-17)
 (7.7816441250132489e-16,-4.4030395685409078e-15)   (7.6849912920850359e-15,2.1078476266530724e-15)  (-1.2072758570902741e-15,4.1636930873712124e-15)   (3.8256905798255883e-15,1.1474708833871553e-15)  (4.1811982318254317e-16,-1.2847174836630136e-15)  (5.6922352527033708e-16,-1.6342180391510274e-16) (-6.9872801296929116e-18,-6.6380947872743525e-16) (-1.1479592996460659e-15,-1.6123225276900911e-16)  (5.8538240021833029e-16,-2.4551537957705425e-15) (-2.9674841318136045e-15,-4.8212102115847838e-16)     (-2.0415911285685899,-1.6074377438850149e-16)    (-5.5768457830155297e-17,-0.49496639215225735)      (1.0000000000000124,-7.3009302099517115e-17)   (-1.2379487534323604e-16,-0.068800418801683777)      (0.20254568616366894,1.0449001257240939e-16)    (-4.2899361833877651e-17,-0.29443038739297972)    (-0.033786692278161022,1.4063256813275954e-17)     (7.5435530910420294e-17,-0.35510288592445277)    (-0.58454285057629785,-8.6994200321057359e-17)      (-1.5455316686260822e-16,2.2559783767511337)
   (1.9075600224236116e-15,3.636480097498576e-16)   (-2.010972466231497e-16,7.3144268611165216e-16) (-5.3878626168430886e-16,-2.5989062851131796e-16)   (1.1632098640058399e-16,9.6388721862803409e-16)    (5.486645247688891e-16,2.1488487951405297e-16)  (-1.3750852225175022e-16,9.9419160180204722e-17)   (2.366337625559592e-16,-4.9368308863446679e-16)   (5.8144109931878236e-16,1.1364422254418611e-16)   (8.1604288159506967e-16,1.5767899014410202e-16)  (1.4211222972758409e-16,-1.0196064973029191e-15)     (-1.1786719810346419e-16,0.28055206852294834)    (-0.21742214232872437,-4.9466379488821539e-17)     (1.0254639500005283e-16,0.068800418801682639)     (0.99999999999999645,-4.4152792638032936e-17)    (-2.5442354564102132e-17,-0.91798666719633593)    (-0.32687083601067607,-6.6366845122182926e-17)      (-3.269720542046654e-17,0.53728047982994431)    (-0.012681536433035823,1.6803062682482547e-17)    (5.5878342109856154e-18,-0.019895028320063513)      (0.24684176168702487,1.3066289148436733e-16)
 (6.3737605811390934e-16,-2.7470145012277137e-15)   (3.7394159600088276e-15,1.0916322935280663e-15)  (-7.0508849540524343e-16,1.8388448849091887e-15)   (1.9011275089183221e-15,3.9439811401911122e-16)  (2.8465822260762439e-16,-5.5846244644611808e-16)   (6.1995734744943412e-16,2.1563010912949268e-17) (-4.4495220317701942e-16,-6.8040475623918206e-16) (-4.2218743168736434e-16,-6.1760840063951029e-16)  (3.5477709908375497e-16,-1.3938985143619142e-15) (-1.8070648194999952e-15,-3.5306343801669367e-16)     (-0.57653194651366579,1.7581179402982244e-17)    (-5.4131798800694248e-17,-0.10552993703371366)    (-0.20254568616366023,-9.4566391552472479e-17)     (-7.0902569934562321e-17,0.91798666719634203)        (1.000000000000004,5.1962994224987758e-17)     (-6.2073485381819924e-17,0.49535934418808142)      (0.28870509762847657,2.9256359643743163e-17)     (4.6921028573891702e-17,-0.12362554223829471)    (-0.21349076016767338,-4.4209166458174954e-17)       (2.739181361659209e-17,0.62277004992151375)
 (-2.0284130289899808e-15,1.8514527008548287e-17)  (4.6191304192225355e-16,-2.2698044188902616e-15)   (1.0724362373851442e-15,4.1540450262333839e-16) (-1.0640061563419151e-16,-1.3431879517638654e-15) (-4.1795729171012017e-16,-2.9723427842623701e-16)  (2.5723742508570331e-16,-3.4971256646248644e-16)  (-3.8468170466184793e-16,1.4757636315831161e-16)  (-2.1037005744608441e-16,2.4624528809755589e-16) (-1.0408880154217659e-15,-1.0493525993300259e-16)   (5.1714608373560669e-17,1.2024549635157503e-15)      (1.6823563030185072e-16,0.25615908398851017)     (0.078417721831683496,5.9679841285850123e-17)     (-1.3999530292787196e-16,0.29443038739297522)      (0.32687083601068267,8.3539351439396028e-17)     (5.6250080488326853e-17,-0.49535934418808825)      (0.99999999999999611,7.9816417864831171e-17)     (3.1362287774155493e-17,-0.89046749878856546)    (-0.058622776075963667,7.8345277385178577e-18)      (2.5325604707138519e-17,0.18357868095403501)     (0.32846703837342672,-1.8899316381182839e-16)
  (8.4872098764853416e-17,1.5985748972634638e-15) (-1.4276155564187424e-15,-3.8926087082570483e-16)  (4.3697739721148786e-16,-6.7059774728262336e-16)   (-1.008131062292268e-15,1.9937513875502345e-16)  (-3.0723903632918962e-16,3.0264717472366046e-16) (-3.6576852764468842e-16,-2.6016333011968998e-16)    (2.1923722932949534e-16,4.095039132136751e-16)    (1.5669771947241691e-16,2.952571955721124e-16)  (-7.0012597937934212e-17,8.5990756673251431e-16)  (9.8071480773650882e-16,-8.3961371495536346e-17)     (0.10972384792679302,-2.2640205258500412e-16)     (5.4474020543859386e-17,0.022081688769907348)     (0.033786692278160668,1.4308369578061171e-16)      (6.9633128851302646e-17,-0.5372804798299522)     (-0.2887050976284829,-4.3212232256291736e-17)      (8.2094083887984959e-17,0.89046749878857145)      (1.0000000000000036,-3.2444350381968715e-17)      (2.1618090174892403e-17,0.12021099217181674)   (0.0040782304008983861,-4.3935238577505726e-17)  (-2.4810904761824638e-16,-0.0026766986944135596)
(-1.2421247813797663e-15,-1.9028682871626216e-16) (-2.0226410940325464e-16,-3.2356537994727406e-16)  (3.7258952986753181e-16,-1.3335336648436473e-16) (-5.4229109913743837e-17,-1.7448294498699986e-16)  (-1.0230273058918153e-16,1.2542464113588272e-16)    (8.43240063316775e-18,-1.6086460665208908e-17)  (1.4788579849821285e-16,-1.1167512438992925e-16)   (7.5038491775391429e-17,2.4170054835037812e-16) (-6.3394563084350015e-16,-2.4270874747049599e-16)   (1.3111679304915352e-17,5.6731369528580477e-16)    (-9.6305132191093281e-17,-0.24222026390687629)       (0.3639624514816977,1.6311948164412385e-17)      (-2.3397748692894908e-18,0.3551028859244505)     (0.012681536433039028,1.8390880104806017e-17)      (1.6380331768617099e-17,0.12362554223829003)     (0.058622776075964958,6.3075909260806348e-18)     (7.5644812814623371e-18,-0.12021099217181712)     (0.99999999999999378,-3.1685096172022343e-17)     (-4.0330377394632508e-17,-1.0459303536554783)      (-0.41521905127268999,9.789889617776625e-17)
   (-2.3490682303798488e-16,2.10785460054078e-15)  (-9.345062533343026e-16,-3.0270784924025056e-17) (-9.4713018170135923e-17,-7.7903048981623699e-16) (-5.6267318075302596e-16,-5.8774389096842581e-17)   (1.5896956668724211e-16,2.3248800329897023e-16) (-5.4926714981957851e-17,-8.3916276124326245e-18) (-1.3186618325989374e-16,-1.7298210385136026e-16)  (4.0248358395235286e-16,-9.3631822011917531e-17)  (-2.6652823875856204e-16,1.0975663214556879e-15)   (1.0474900627623692e-15,3.0471694435338463e-17)     (-0.16433674766739675,1.6357376255269347e-16)     (2.4613785823762457e-17,-0.49605023457736469)      (0.58454285057629041,7.4676457233306549e-19)     (3.1856652150681347e-17,0.019895028320059613)      (0.2134907601676668,-2.8839832964681989e-17)     (7.0474449612260347e-18,-0.18357868095403437)  (-0.0040782304009005423,-9.3914913772271106e-18)      (-5.3594148377860332e-17,1.0459303536554898)        (1.000000000000008,6.8093503347625815e-17)      (1.6664606436152988e-16,0.20039651508721193)
  (9.4775592134403978e-15,1.5844225578154392e-15)    (2.606655304495012e-16,4.0363644946794037e-15)  (-2.7880175724292012e-15,4.2026338516618029e-16)  (-1.5770056223306335e-16,3.2677514743451713e-15)   (1.103710222494967e-15,-1.1403119615654876e-16)   (-3.5924832611792001e-16,4.608433507116894e-16) (-1.0710757600671739e-16,-1.5234053828956292e-16)  (5.1565112440297449e-16,-1.4059687028486372e-15)   (4.8163297473321797e-15,9.1412779955300077e-16)  (5.8468468868675151e-16,-4.7925569903676128e-15)      (4.0425076851306826e-16,0.48841809296420258)      (-2.1011356029079398,-1.398212667876088e-16)      (1.2799007295047263e-16,-2.2559783767511239)     (-0.24684176168703498,-1.759973671655693e-16)    (-1.4005254137073251e-16,-0.62277004992150031)    (-0.32846703837341568,-9.2257709721558194e-17)   (-5.7487508457810189e-17,0.0026766986944111205)      (0.41521905127270714,1.8411094428494332e-16)     (2.1724481509094622e-16,-0.20039651508723422)     (0.99999999999996225,-3.9620903014758124e-16)