     (0.99999999999999334,1.7007654442422003e-14)      (-1.5078686111107096e-14,1.0535520295435541)    (-0.69265195845480365,-8.0799064954360009e-15)     (-9.7212693438479061e-15,0.44479166738678572)     (0.045543119057437811,1.4043878488326333e-15)    (4.722970857650116e-16,-0.0087582398216596753)     (0.19655376364243671,-6.5459900039547472e-17)    (3.7561256214783377e-15,-0.021032297048965143)      (0.45784106736413072,9.3064154555724348e-15)      (9.288345870070343e-15,-0.64943218706523542)  (-4.0892177683176234e-15,-2.809534661644209e-15)  (1.6846293586249989e-15,-3.9802728497280629e-15)   (4.0720775111504891e-15,1.7993412136854977e-15)   (1.1555663534304946e-15,1.3460790209392503e-15)   (2.7443410739926465e-15,3.6495337250296417e-16)  (7.2557859407109588e-16,-1.3119404043684692e-15) (-9.6056987626795405e-16,-5.0828124269875964e-16)  (1.5351632179873041e-16,-5.1310736930503193e-16) (-1.0403240929955726e-15,-8.9420696394152512e-16)   (-4.333699748663475e-15,5.1867256359795962e-15)
    (-1.5591957108987449e-14,-1.0535520295435643)      (1.0000000000000069,-1.3953445034152264e-14)       (7.2071061551422202e-15,0.4783973648949495)     (0.72236102019836557,-9.5187716880130885e-15)    (-1.2823649650339895e-15,-0.16044197884248973)   (-0.0017725434376353827,6.8272515653790488e-16)    (-3.0399131881902237e-16,0.063745876064239856)     (-0.31105657120200825,3.1948884297782477e-15)    (-8.1857838561779401e-15,-0.70120468845280648)     (-0.49169535506382889,8.7090856390438269e-15)  (1.4728549532565813e-15,-2.8827604692567536e-15)   (3.6442706617940671e-15,3.0789137281486656e-15)   (-4.6917688939011234e-15,4.247196173582103e-15)  (-9.7147645275890416e-16,2.4931927806668292e-16)   (-3.9086253797778119e-16,2.374081530958342e-15)   (1.2281857615643667e-15,7.2011269312147161e-16) (-3.2764114981638392e-16,-9.0772973149347236e-16)   (2.261151308593124e-16,-1.0503968347398983e-16)  (-5.4997900297714912e-18,-5.992411065029272e-16) (-3.6515718913255908e-15,-1.2520172910187366e-15)
    (0.69265195845481209,-9.1568185161434474e-15)       (6.20052535877204e-15,-0.47839736489494511)      (0.99999999999999956,3.0459168850910245e-15)        (5.0826499215011856e-15,1.147009072939174)     (0.18871597659487743,-4.6752467551696274e-16)    (-3.4739853728855999e-16,0.038564395311653815)   (0.0043463490278383889,-4.1339228913626947e-16)    (-1.8498095510868263e-15,-0.16032283762150717)     (0.33505807223911244,-4.6028184520598385e-15)    (-5.0285355316661747e-15,-0.23659835355255926)   (1.1139026970538212e-15,1.9675138537852745e-16)  (-1.1096630456529538e-15,1.7405818165102498e-15) (-2.2621857045581414e-15,-2.3301391477610295e-15)    (-4.0608615337950158e-16,-3.5490874569963e-16) (-1.0929228268877772e-15,-4.6602186113878194e-16)   (-2.6422956565804335e-16,6.213833111016727e-16)   (5.6946452120143473e-16,5.2597492691106758e-17)   (2.2906719641535462e-16,2.0704760144499253e-16)   (2.5095425737073359e-17,1.0486931127128425e-16)  (5.0357341535982213e-16,-1.5348130710114526e-15)
   (-1.0532800509959662e-14,-0.44479166738679315)    (-0.72236102019835824,-8.9184524950756896e-15)      (5.0982378187439672e-15,-1.1470090729391678)      (1.0000000000000011,-5.4964369919576392e-15)     (-9.265923382677154e-16,0.013209493673341854)      (-0.1549143664536482,1.8518506291587392e-16)     (1.3277080343192639e-16,0.098226830722834349)      (-0.1604695852881656,2.7595327115846232e-15)    (-6.0221607440976606e-15,-0.23181622913484418)      (-0.074005497298095246,5.49514536979965e-15)   (2.2363924427206515e-16,-1.946449944395712e-15)    (2.155496299497376e-15,9.3652493203380843e-16)  (-2.0909907854849534e-15,2.5480658540559808e-15)  (-8.1439383987204312e-16,7.5663214829116244e-16)  (-1.9926579107401041e-16,1.7200395171036912e-15)   (5.9351226600818163e-16,4.5508048110298828e-16)  (2.6144813923592725e-16,-6.0034705140812709e-16)  (4.3594476566563262e-16,-3.1346520164625787e-16)  (1.1090985200954712e-16,-2.8887154510461402e-16) (-2.4979468492426565e-15,-6.8512363893293991e-16)
   (-0.045543119057439262,1.7676515309550853e-15)     (-2.1783367053822647e-15,0.16044197884249012)    (-0.18871597659487752,-1.1828086767546119e-15)   (-1.1606699780121324e-15,-0.013209493673341207)      (0.99999999999999967,2.2790504580661727e-16)        (8.5173638359001977e-17,1.014263935521222)     (0.15534505084417796,-9.2591295818933028e-18)    (3.2345344370632346e-16,-0.089759256142284138)    (-0.033749168973918463,9.6947366251079348e-16)     (9.9016467274910004e-16,0.015962846977507692) (-5.0098966973949086e-16,-6.5891925324782757e-17)  (3.3524042681875296e-16,-3.5010534270217493e-16)   (3.1764521657392977e-16,5.0700257353736677e-16)   (1.3838896218813031e-16,7.9510622737891134e-17)   (2.8408460974214467e-16,1.1488981816876508e-16)   (1.5635005837438904e-16,-1.010337273293549e-16)   (-2.186691276143105e-16,-6.815063836404755e-17) (-2.0743627146027734e-16,-2.2955026553404691e-16)   (9.4864228489873467e-17,-6.188578934244694e-17)  (-7.5641557927000299e-17,5.2629679798105535e-16)
  (-1.3371471070630769e-17,0.0087582398216590144)    (0.0017725434376328715,5.7046016925894029e-16)    (-1.591631095577583e-16,-0.038564395311654023)      (0.15491436645364728,3.5806654132285185e-16)      (1.0171438684033186e-16,-1.0142639355212226)      (1.0000000000000004,-6.6691010767189437e-17)    (-7.2475854102237244e-17,-0.11679581621586346)      (-0.13474886063454464,6.292229452457752e-17)  (-3.3490236404543605e-17,-0.0073655820392974775)    (0.042800776249396842,-2.2654109094248578e-17)  (-1.8456930978827268e-16,1.3176944030883458e-16) (-1.5245012220402246e-16,-1.9002994079355691e-16)  (2.1464805689030962e-16,-4.2293112825741942e-17) (-1.0251749800252727e-16,-1.8219287154154374e-17)  (7.5072805130367775e-17,-3.9289417160161483e-17)  (7.9081166416019803e-17,-2.3513674130534794e-17)   (5.6510190939781504e-17,2.3415731664204507e-17)   (-1.7732262032724298e-16,5.052642410403102e-17) (-1.5851577283432668e-16,-9.5484887101300265e-17)     (1.1403029088992735e-16,1.09921874627851e-16)
   (-0.19655376364243568,-1.0850424531630699e-15)    (6.7944821086544703e-16,-0.063745876064239954)   (-0.0043463490278368572,1.2255757582629512e-16)    (8.2688278972803471e-16,-0.098226830722832406)    (-0.15534505084417574,-1.6215993694904758e-16)        (1.006994132472445e-17,0.1167958162158645)      (0.99999999999999867,6.8572395543877894e-17)      (-2.4664782133043184e-16,1.0308283264931613)    (-0.18006688416053743,-6.6259608052349892e-16)    (-4.6549650962821933e-16,-0.07244371587424743)  (-3.0050255385490646e-16,6.9340045173638985e-17)  (2.7208295550577633e-16,-3.1135746452660778e-16)    (1.819167957758086e-16,3.5946541721110803e-16)   (1.5326870627838584e-18,6.2618492151408771e-17)   (2.0161559660960315e-16,6.3458428810736114e-18)  (1.1038909726907711e-16,-1.1981413845234554e-16) (-1.7126845806611341e-16,-1.0567272997883141e-17) (-1.0073884551156165e-16,-6.9017624437036632e-17)   (4.9637178861404977e-17,8.1413051773562169e-17)   (1.7760115287557801e-16,2.5036756234276761e-16)
    (4.7257051519242125e-15,0.021032297048970607)       (0.31105657120200747,4.301361533866032e-15)     (-2.1186507724320042e-15,0.16032283762150704)      (0.16046958528816171,3.0975077244511016e-15)     (4.9823804061631449e-16,0.089759256142286803)     (0.13474886063454314,-1.0502789110402941e-16)      (-1.1521858633382494e-17,-1.030828326493165)      (1.0000000000000027,-1.0836345687524281e-15)      (2.7103945765729695e-15,-0.2097494014166045)    (-0.01184948133487192,-2.5462128957640452e-15)   (-7.7041114632912375e-16,1.094211542579317e-15) (-8.8006665318697827e-16,-2.9547512049656261e-16)  (2.1772318483207689e-16,-7.1896826242998371e-16)  (1.3677058746860446e-16,-2.0590739900362598e-16)  (8.9364643943214606e-17,-4.9896290822009945e-16) (-1.9998684305386131e-16,-9.8610314921793298e-17)  (-6.1176075611098404e-17,1.4941018383409766e-16) (-1.9727171391261977e-16,-9.0393661317361037e-17)  (-2.7847220712409591e-16,2.3407042148295615e-16)   (1.2330280033312734e-15,1.0957857401891448e-15)
    (-0.45784106736413571,9.3185160007128689e-15)     (-8.8882996515370818e-15,0.70120468845279615)     (-0.3350580722391065,-4.7508441668968623e-15)     (-5.6251420432915783e-15,0.23181622913483854)     (0.033749168973919753,8.4400595356073908e-16)    (3.0797453639767548e-16,0.0073655820393005158)      (0.1800668841605377,-8.2721379407839628e-17)      (2.0665234147203134e-15,0.20974940141660697)      (0.99999999999999423,5.1685131493383945e-15)       (5.154976517778603e-15,0.87519689300388737)  (-2.278848506100703e-15,-1.5483597678369267e-15)  (7.7282582879469818e-16,-2.2368157352081586e-15)    (2.1807069942870335e-15,8.709875612932152e-16)   (5.5055824921248365e-16,6.7664734713911955e-16)   (1.4709539558225122e-15,1.7458301361582779e-16)  (3.3774364119990356e-16,-6.8928592173326995e-16)  (-4.6266557400249415e-16,-2.574498154044945e-16)  (2.2578612871053543e-16,-2.0740041368557008e-16)   (-5.86693964133539e-16,-4.8500064995693537e-16)  (-2.4164135852939535e-15,2.7943546597468972e-15)
     (8.7490252568867077e-15,0.64943218706524397)      (0.49169535506382633,8.2340276839052723e-15)     (-4.3930013210346526e-15,0.23659835355255635)     (0.074005497298093387,5.2600385680634077e-15)    (7.5284668909861617e-16,-0.015962846977505957)   (-0.042800776249398244,-3.0726687863926753e-16)     (5.0243969468308617e-17,0.072443715874247361)    (0.011849481334874411,-1.8147786093083837e-15)     (4.7106540864232859e-15,-0.87519689300388881)       (1.0000000000000038,-4.918354312575417e-15)  (-1.2293592118938608e-15,2.3283020009730418e-15) (-2.3813787541893329e-15,-9.9069057197771238e-16)   (1.2864446537448063e-15,-2.454811703391944e-15)   (7.4610021222859201e-16,-5.491378820954365e-16)  (1.2653984045035853e-16,-1.5825772711796463e-15) (-8.1715667583331623e-16,-3.7495790771027252e-16)  (-1.9031066033056988e-16,5.7040630209657496e-16)  (-2.182944426199418e-16,-8.5156185786797254e-17)  (-2.6246205740838623e-16,6.2418605101114013e-16)   (2.8775518086666421e-15,1.9360689897908739e-15)
  (9.2890219854978746e-17,5.6550963758912091e-15) (-5.6670721978303355e-15,-9.8476496607042957e-16)  (4.6591738476963917e-16,-3.0204583101238635e-15)  (-2.9233222984021054e-15,-7.305761810125385e-16)  (-3.5946440607150239e-16,6.3499534236474656e-16)  (-5.373088897793882e-16,-8.2470199652347323e-18)  (-5.1922393257187575e-17,5.6247885639733045e-16)   (7.7326008897179027e-16,1.1247051169288045e-16)  (-3.2332067670189934e-17,2.8700344639410495e-15)   (3.3194636781255488e-15,8.0282859576641301e-17)       (1.0000000000000349,3.3995857324191024e-16)       (1.3277801909127476e-16,-2.257870563560763)       (2.0415911285686219,1.2677717044206166e-16)     (1.5425617232772675e-16,-0.28055206852294617)     (0.57653194651366935,-1.1980423247296152e-16)      (9.090489581920825e-17,-0.25615908398850323)    (-0.10972384792681128,-5.7513321968337939e-17)     (-1.6264602068539235e-16,0.24222026390684964)       (0.16433674766743411,1.904150530501054e-16)     (3.3078786862982156e-16,-0.48841809296422944)
(-5.6876913771990567e-15,-9.7530200406760617e-16)  (2.0537126300096276e-15,-4.4524051282490138e-15)   (2.6029778045738581e-15,1.1493490102284689e-15)  (9.1559195275351347e-16,-2.8001884227049651e-15)  (-1.1027309300380408e-15,-2.163435314725872e-16)   (-2.50528420737088e-18,-6.5316763992350687e-16)  (-9.9515845057528911e-17,7.1358566119403783e-17)  (-4.6521423093087672e-16,1.2323603616960282e-15)  (-3.024918119240509e-15,-7.3202053604636119e-16)  (-5.9592267068934683e-16,3.1094105691602687e-15)       (-6.960236765900059e-17,2.2578705635608012)      (0.99999999999998557,3.7669082759705012e-17)     (-6.5709450731190575e-17,0.49496639215228777)      (0.21742214232871648,9.8839977482601129e-17)      (8.3522380370267436e-17,0.10552993703372052)    (-0.078417721831685661,3.7680082382584205e-17)    (9.3590926442925045e-18,-0.022081688769930073)     (-0.3639624514816639,-4.9406446835095863e-17)     (-5.3412591529629735e-17,0.49605023457739783)        (2.1011356029079291,6.347929212704365e-17)
 (1.2130225468779872e-15,-6.6399074164633117e-15)   (5.0734386731131971e-15,1.5852915218933655e-15)  (-7.7315242077734029e-16,3.1756338761419819e-15)    (3.3783225954277097e-15,7.713403370659687e-16)   (9.712945230246584e-17,-1.3205792916801152e-15)   (5.1419852867519136e-16,1.0812992438041963e-16)  (1.1807982779451271e-17,-1.0320158089183042e-16) (-1.4824394735172921e-15,-3.7135679652021264e-16)   (8.5258492729973942e-16,-3.586828044893101e-15) (-3.6314440195294356e-15,-6.2325319347788365e-16)     (-2.0415911285686459,-1.6074377438812362e-16)    (-5.5768457830543417e-17,-0.49496639215230803)      (1.0000000000000129,-7.3009302099912729e-17)   (-1.2379487534318555e-16,-0.068800418801687357)      (0.20254568616367596,1.0449001257222953e-16)    (-4.2899361834020435e-17,-0.29443038739299343)    (-0.033786692278145868,1.4063256813329991e-17)     (7.5435530910422167e-17,-0.35510288592441569)      (-0.58454285057633648,-8.69942003208986e-17)      (-1.5455316686219564e-16,2.2559783767511519)
  (8.7895497314264406e-16,2.6993855666707536e-16)  (-3.0496719436260869e-16,1.9467788036484366e-15)  (-8.020633087554004e-16,-3.1430468955423397e-16)    (8.0086273317693344e-17,9.212785699682808e-16)   (1.4757828487520717e-16,2.4534482110228094e-16)  (-1.1011319461469267e-16,4.7249974959729177e-16)  (7.3379637391988778e-16,-5.0470846128506127e-16)    (5.3115738826854834e-16,5.363348303054427e-20)   (4.3507214108315315e-16,9.6410627714062739e-17)  (1.0798519197667449e-16,-7.9695572508998321e-16)     (-1.1786719810348549e-16,0.28055206852293813)    (-0.21742214232871393,-4.9466379488833767e-17)      (1.025463950000695e-16,0.068800418801688412)     (0.99999999999999656,-4.4152792638028992e-17)    (-2.5442354564093455e-17,-0.91798666719633315)     (-0.3268708360106739,-6.6366845122188448e-17)      (-3.269720542047502e-17,0.53728047982994576)    (-0.012681536433039764,1.6803062682469111e-17)    (5.5878342109847772e-18,-0.019895028320069064)      (0.24684176168701955,1.3066289148440283e-16)
  (5.650670722865773e-16,-3.9167692297633497e-15)    (2.350947304858331e-15,1.1818605650063674e-15)  (-7.3995884069584761e-16,1.4815862923729377e-15)    (1.8725137800809729e-15,4.070230252983609e-16)    (2.5476439255645939e-16,-8.93678615657528e-16)   (3.0443264548698441e-16,5.2340296412685329e-17) (-3.9635521115008038e-16,-1.5313530864324268e-16) (-3.4366286710061326e-16,-6.4114020665618425e-16)  (3.4459678723729779e-16,-1.8775190450245734e-15) (-2.1000591854046425e-15,-3.5166296907823983e-16)     (-0.57653194651368744,1.7581179403229847e-17)     (-5.413179880094693e-17,-0.10552993703373256)    (-0.20254568616366506,-9.4566391552733998e-17)     (-7.0902569934534242e-17,0.91798666719633915)       (1.0000000000000051,5.1962994224868295e-17)      (-6.2073485381911345e-17,0.4953593441880772)      (0.28870509762848512,2.9256359643789016e-17)     (4.6921028573875481e-17,-0.12362554223827696)    (-0.21349076016769034,-4.4209166458088081e-17)      (2.7391813616869769e-17,0.62277004992151663)
 (-2.4115226960195022e-15,2.0878349737952514e-16)  (6.8714260748734853e-16,-1.8051864847861985e-15)   (9.4603756444331065e-16,5.3349225021032245e-16) (-3.2329295015681375e-17,-1.3195624615649589e-15)  (-5.033730440318586e-16,-3.1403168496641641e-16)  (2.4797211249158836e-16,-2.6791535432417445e-16)  (-1.9027906648874124e-16,1.0450705988321736e-16)  (-1.7901965176661373e-16,2.0437417247915144e-16) (-1.2151236483868481e-15,-2.4175906306449385e-17)   (9.0734814227898167e-17,1.3178844703957881e-15)      (1.6823563030212026e-16,0.25615908398851817)     (0.078417721831676834,5.9679841286119322e-17)     (-1.3999530292815121e-16,0.29443038739298721)      (0.32687083601067934,8.3539351439365115e-17)     (5.6250080488196691e-17,-0.49535934418808525)      (0.99999999999999667,7.9816417864928842e-17)     (3.1362287774210356e-17,-0.89046749878857301)    (-0.058622776075950622,7.8345277385453199e-18)      (2.5325604707226733e-17,0.18357868095404406)     (0.32846703837341851,-1.8899316381213942e-16)
  (5.4178851155814381e-17,1.9678677805689791e-15) (-9.9591453135189698e-16,-3.6145521998119142e-16)  (4.3778102023683616e-16,-6.0513974515967043e-16)    (-1.0643952328605451e-15,1.89641467163736e-16)  (-3.1601903000547246e-16,5.1904836982818207e-16)  (-1.6592330316246955e-16,-2.541716574955201e-16)    (2.052623136110164e-16,2.1206552320552715e-16)   (8.8177144625002649e-17,3.2056266615852047e-16)  (-9.1176775152666499e-17,9.6045133943117825e-16)  (1.0298860814728126e-15,-7.3058864898799258e-17)     (0.10972384792681655,-2.2640205258495067e-16)     (5.4474020543805152e-17,0.022081688769929997)     (0.033786692278146013,1.4308369578054579e-16)     (6.9633128851311521e-17,-0.53728047982995353)      (-0.28870509762849084,-4.32122322563226e-17)      (8.2094083887963808e-17,0.89046749878857923)      (1.0000000000000029,-3.2444350381950768e-17)       (2.161809017487739e-17,0.12021099217181108)   (0.0040782304009117087,-4.3935238577492981e-17)  (-2.4810904761817238e-16,-0.0026766986944348758)
(-3.1817004599743059e-16,-5.2152408075990409e-16) (-5.9128831563076973e-16,-1.3935788681614785e-15)  (7.4537766570328263e-16,-2.6847867596217623e-16) (-1.0264086214543845e-16,-3.2381131764310508e-16)  (-8.0689032869745824e-17,7.8538055012126612e-17) (-3.8814425645957496e-17,-3.9350294674879443e-17)  (-6.3825288320325563e-17,-2.241544024494142e-18)   (5.6451485407133568e-17,8.0905610588793127e-17) (-1.3917695157839094e-16,-3.8591427156694677e-16)  (-6.6873186830924525e-17,2.6877712523800774e-16)     (-9.6305132191463158e-17,-0.2422202639068429)      (0.36396245148166301,1.6311948164023773e-17)     (-2.3397748689244454e-18,0.35510288592441441)     (0.012681536433044593,1.8390880104842896e-17)      (1.6380331768786507e-17,0.12362554223827354)      (0.058622776075951274,6.307590925941598e-18)     (7.5644812814108639e-18,-0.12021099217181196)     (0.99999999999999523,-3.1685096172006245e-17)     (-4.0330377394783871e-17,-1.0459303536554634)     (-0.41521905127265119,9.7898896178149932e-17)
  (6.3262107089096102e-16,1.6475778487282379e-15) (-1.4737680094673933e-15,-1.0666467827420772e-15)  (4.9149223504450282e-16,-9.4401325912562197e-16) (-6.0201428649425403e-16,-4.6262391804282791e-16)  (-2.8584036801677278e-17,1.3243962961278065e-16)  (-1.5108449338362148e-16,1.3417350285207743e-16)  (-3.084841578626136e-16,-6.6998989881637844e-18)  (3.9330266906483282e-16,-2.6914684856297372e-16)   (1.5122311809108791e-16,9.0709623508322677e-16)  (9.4104414615838194e-16,-1.9049824251816605e-16)     (-0.16433674766740999,1.6357376255215783e-16)     (2.4613785824300164e-17,-0.49605023457738007)       (0.58454285057632482,7.467645728862049e-19)     (3.1856652150621493e-17,0.019895028320067336)     (0.21349076016768181,-2.8839832964423834e-17)     (7.0474449614211545e-18,-0.18357868095404226)  (-0.0040782304009108613,-9.3914913773396712e-18)      (-5.3594148377803806e-17,1.0459303536554747)       (1.0000000000000071,6.8093503347453597e-17)      (1.6664606436091122e-16,0.20039651508724596)
  (6.6938292644342466e-15,2.0282537361119325e-16)  (-1.4092611556449491e-15,7.2668638671921979e-15) (-3.8779288723752236e-15,-7.0963468603085464e-16)  (-1.0325373742465571e-15,3.6622335078054715e-15)   (9.0158958561716119e-16,4.3067123765020753e-16)   (7.6573391765418405e-17,6.6024591268231441e-16)    (6.1490233698679526e-16,5.829341183066038e-17)   (1.5280329805131303e-16,-1.021813963563291e-15)   (3.4114033485768061e-15,2.2580643903516027e-16)  (2.3149857787895593e-16,-3.9595204924955504e-15)      (4.0425076851245768e-16,0.48841809296415883)     (-2.1011356029078994,-1.3982126678818348e-16)      (1.2799007295113054e-16,-2.2559783767511328)    (-0.24684176168702787,-1.7599736716549278e-16)    (-1.4005254137042328e-16,-0.62277004992150053)    (-0.32846703837340674,-9.2257709721769609e-17)   (-5.7487508457988471e-17,0.0026766986944290853)       (0.4152190512726649,1.8411094428476903e-16)     (2.1724481509081429e-16,-0.20039651508726997)      (0.99999999999996181,-3.962090301467908e-16)