    (0.99999999999999933,-1.0872777035024517e-16)        (1.9368409032745158e-16,0.974398768730392)     (-0.12832540866652636,1.0678249738627552e-16)      (-5.602048089949571e-17,0.14402014585160211)    (0.050989225433342361,-1.8993211268897668e-16)    (2.2878749655126556e-16,-0.042767014960869848)    (-0.065162705047305577,3.5834052271964402e-17)   (-1.3040730628896477e-16,-0.010539553396541152)    (-0.16423388846155063,-1.8936475324426356e-16)     (7.8578795629727157e-17,-0.27955456356508707)  (-1.1352261422204031e-16,1.7119989724674619e-16)   (2.6665606570183791e-16,1.3245131993178342e-16)  (1.2595600811889472e-16,-1.9394131195410777e-17) (-1.9436886930982998e-16,-1.3058026273030587e-16)  (-2.3509112846572138e-16,-2.452536323933274e-17)   (1.2261753351670391e-16,1.7923542858058023e-16)  (-3.7643492969089943e-17,1.2583180134741006e-16)  (-3.892805197443992e-16,-1.3132960966203599e-16)  (-1.305979337220246e-16,-4.8170311401214868e-17) (-8.6658750604231304e-17,-4.0094874225553296e-17)
      (2.2224141288581277e-17,-0.974398768730391)       (0.99999999999999989,7.057830163667456e-17)     (-1.1625018034338021e-16,0.16728712450313135)     (0.12618823241334842,-1.1601056334135162e-16)    (2.6759899369941807e-16,-0.012927414797163016)    (-0.060927104544330389,1.7358138811482507e-16)     (7.0245710345364651e-18,-0.05210411396809321)   (-0.0065399954784267243,8.8459380170452011e-18)     (1.6210785276945287e-16,-0.25222736791765582)      (0.15575500386162644,2.2218597341700446e-16) (-8.3489016374792748e-17,-1.1858152528771578e-16)  (-1.2001908545290525e-16,2.3644249258651053e-17)     (2.5045105218954356e-16,1.76972723512237e-16)   (1.2433433592147493e-16,3.0673829513048947e-17)  (-3.964575479186675e-16,-3.1613335169923845e-16)  (-2.6626018556537476e-16,1.9413218871315868e-16) (-8.7035082230778761e-17,-9.5319859259514574e-17)  (2.5782792709420884e-16,-2.5350902913174915e-17) (-3.8885800519226753e-16,-8.5379292895954086e-17)  (7.6029939409150859e-17,-1.9909850407606194e-16)
    (0.12832540866652448,-3.6328989503495073e-16)      (2.757936561472893e-16,-0.16728712450313363)                       (1,-2.8694457177654932e-17)      (1.0349842345868855e-16,0.99454124801059085)   (-0.071729661534053205,-2.0377199851214926e-16)   (-5.0320070715179506e-17,-0.040087090059905336)    (-0.048541354124674509,7.4136252702792465e-18)    (6.3710623808871545e-18,-0.012614293046512409)   (-0.020339879355332768,-1.1327958042399096e-16)    (1.3104656799722862e-16,-0.074292543599494137)  (6.1779024242474591e-17,-7.1037310930725073e-17)  (3.8558490337755781e-17,-1.4942086946273283e-17)  (-1.6793939027045429e-16,9.9340342898830216e-17)   (7.9648302353698579e-17,7.6468918426571292e-17) (-3.8413423674182521e-17,-9.5948638416584743e-17) (-3.8316694089179772e-17,-5.8252818396014441e-19) (-7.7118245005989554e-17,-2.6823863429024927e-17)  (6.9108742758028595e-17,-4.8951668373281096e-17)   (7.0907632153962451e-17,8.0090061052345698e-17)   (-1.1525692884666424e-16,6.487727850532402e-17)
    (2.7840344028164654e-16,-0.14402014585160455)     (-0.12618823241334656,3.5781119768221737e-16)    (-3.4183302435664343e-17,-0.99454124801059185)       (1.0000000000000002,7.1573984196854175e-17)     (4.158163352797774e-17,-0.034958943112396841)      (0.069992444723154718,2.418499350702873e-16)     (2.2053388957038266e-17,-0.02866278497688711)       (0.02950003741094601,-8.50532143236993e-17)     (2.3251991751175116e-16,-0.12720140448924691)     (0.079907658536075288,9.3478005612146011e-17)  (-2.3232600604252179e-17,-3.909030401740201e-17)   (5.6201588629890224e-17,5.1162897791491695e-19)   (1.4279349140695814e-16,5.2790766364218851e-17)  (1.4118466501120814e-16,-1.4214452560075974e-17) (-2.1330228045113784e-17,-3.4887277466541212e-17)    (3.0929919795548805e-17,9.834379101392474e-18)   (-4.5944742735193601e-17,1.822604910277083e-17) (-3.0955052310344636e-17,-7.5440699282876894e-17) (-2.8483853538781031e-18,-5.5914429196011845e-17)  (-3.4921167221494995e-17,4.7684120651798859e-17)
   (-0.050989225433340467,2.3491657652834474e-16)     (9.8324336560316775e-17,0.012927414797164824)    (0.071729661534052414,-8.8455690434715063e-17)      (1.272785010987123e-16,0.034958943112397625)     (0.99999999999999933,-5.6352432710681846e-17)       (7.0462726378103386e-17,1.0048562783564903)    (-0.12979063393025561,-3.0980351474176568e-17)    (1.0760165724453924e-16,-0.074347329245664381)  (-0.0071458470909345484,-2.2051184088883401e-16)    (5.1783686030248992e-16,-0.089381775363537141)   (3.2824278627668458e-17,2.2796374537948704e-16)  (-1.4262597627309651e-16,7.0048394541288149e-17)  (-3.0605132942990568e-17,1.8058316933996293e-16)   (1.6341949133106147e-16,3.2442384407300852e-17)  (4.4123414316223893e-16,-1.0134036850467877e-16)  (2.0165707396507833e-18,-1.3039057988896707e-16)  (1.2434172181411547e-16,-2.3813419636678023e-16)   (3.4351096047465816e-16,9.7401648648839104e-17) (-2.1027497814188158e-16,-1.6981796181957437e-16)  (1.4613556664822157e-16,-1.2044602453961026e-16)
   (-4.8013682621529833e-18,0.042767014960872235)    (0.060927104544328758,-2.8178805765775812e-16)     (9.4813372485864639e-17,0.040087090059905996)    (-0.069992444723155064,2.3389845889005811e-17)      (2.5622517841153894e-17,-1.0048562783564927)       (1.0000000000000004,3.9921175206346736e-17)    (2.0395776393409132e-16,-0.076400604910294198)     (0.10927806974218736,-8.9911776300265161e-17)    (5.9989041134065392e-16,-0.041249805083125174)     (0.012550288127393137,3.5827789736350656e-16)   (1.5044183456283202e-16,2.7023528416893966e-17)  (1.3583883348750364e-16,-3.3710625859148447e-16)  (-1.6700539321986828e-16,1.2339601428143436e-16) (-4.1878487058257613e-16,-6.1488383163062869e-18)   (3.1255419628836522e-16,-5.352364479603591e-17) (-1.0319870521913998e-16,-7.1776463093429294e-17)  (2.6452492769806809e-16,-1.2688559120081115e-16)   (5.5157578391977583e-17,2.2912995133883032e-16)   (5.2919282753790566e-18,9.5813359247300932e-17) (-2.3650741642761464e-16,-2.3530202608511656e-16)
   (0.065162705047305508,-8.2641565402278644e-17)     (5.5927347337070432e-18,0.052104113968093099)    (0.048541354124674009,-2.0356300419027604e-16)     (2.3945155578044543e-16,0.028662784976886652)      (0.12979063393025375,-1.165909924635286e-16)     (9.3822268670055061e-17,0.076400604910292089)      (1.0000000000000009,-5.7362481479457565e-16)       (5.7399297882440708e-16,1.0410366285175459)    (-0.26421255571821917,-1.6593683913198131e-16)    (2.8905990917739342e-16,-0.011177695450639792)  (-2.135608276489262e-16,-1.9122468781529604e-16)   (1.5556668813115216e-16,2.3367366087929438e-16)    (1.4822899607302342e-16,1.781173599385646e-16) (-1.6187274206353776e-16,-3.7673204347742148e-16)  (-2.6889956142440617e-16,1.2495957863437019e-16)  (-3.4708642342352729e-17,2.5225374627773519e-16) (-2.6791113617342571e-17,-2.4790667046450766e-17)  (1.1383883158217572e-16,-2.7450887040749794e-16)  (-5.8450092805399587e-17,8.2845663993132006e-17)   (2.8611429586587251e-16,2.9059559825864086e-17)
     (9.093434379714478e-17,0.010539553396541619)    (0.0065399954784268769,1.2079811133500494e-16)     (3.1151278761309514e-16,0.012614293046512254)    (-0.029500037410945479,3.0727084167154144e-16)     (5.2031020465066235e-17,0.074347329245662799)     (-0.10927806974218547,1.6451267634578457e-17)      (4.4962703109498106e-16,-1.0410366285175428)      (0.99999999999999833,4.0278628859866045e-16)   (2.3115615622719965e-17,-0.0037881564654110274)      (0.27697529430120293,1.5909051530511492e-16)   (2.9142030514981223e-16,7.6884045901134883e-17) (-9.0300210383382327e-17,-3.3045886576808276e-18)  (-2.8265427129310177e-16,4.7334706102403398e-17)  (2.5616176862469939e-19,-3.6485118166442727e-17)  (1.4975880708904539e-16,-2.8457520480080134e-16)  (-2.0189851799862365e-16,-1.672568883088856e-16)   (2.2147029609481876e-16,-2.683608789193585e-18)  (-6.0505846472987736e-19,3.9309666171734622e-16) (-9.7614719074487442e-17,-2.7642595391388524e-16)   (5.9851993728425258e-17,1.0724380989592819e-16)
     (0.16423388846154968,2.9718784915044877e-16)       (-1.015276327376624e-16,0.2522273679176551)     (0.020339879355332696,3.3151475724166853e-16)     (-3.5275616971978525e-16,0.12720140448924699)   (0.0071458470909335318,-2.3249217270460001e-16)      (3.5654710383756866e-16,0.04124980508312364)     (0.26421255571821517,-5.5695678862945078e-16)     (4.710697566106479e-16,0.0037881564654079747)      (0.99999999999999889,-4.769201651094818e-16)       (6.4783870408133433e-16,1.0078374438342876)  (-5.0542996751319648e-16,2.0912596789692902e-16)   (4.3808460230784617e-16,1.9709092872489316e-16)  (2.1570639069022486e-16,-4.1114601656507648e-16) (-5.0251712443416561e-16,-5.0046884734190008e-16)  (-6.6533410775458667e-16,9.1725164478061262e-16)   (4.7024427614900129e-16,4.3691372249160879e-16)  (-1.5742313599392326e-16,6.7865231643713306e-16) (-1.0279257353206559e-15,-4.9424426791267438e-16)  (-1.2399287817211535e-16,9.3601835117479037e-17)   (3.852468095810185e-16,-4.6523759659494391e-16)
    (-2.8436294772333778e-16,0.27955456356508646)    (-0.15575500386162539,-1.2494979068277975e-16)    (-2.4271456003384442e-16,0.074292543599494623)   (-0.079907658536075024,-3.1361181731017724e-16)      (3.259781728594746e-16,0.089381775363534921)    (-0.012550288127391514,2.2753949140883018e-16)      (7.514525845713914e-16,0.011177695450637015)      (-0.27697529430120038,5.589606190277103e-16)       (4.8537858368049768e-16,-1.007837443834291)        (1.000000000000002,6.5947198249447746e-16) (-6.0128558247532498e-17,-5.1732119428769378e-16)  (-1.4584862468280265e-16,6.7761512852224604e-16)     (4.87700798490694e-17,3.1993659594142192e-16)   (5.023574258505668e-16,-6.0305276895398375e-16) (-7.0587290468267482e-16,-7.9842213230175696e-16)   (-5.1614868341522326e-16,3.058784967531857e-16) (-4.2761124799290828e-16,-2.1694993272711514e-16)  (5.9478451482813398e-16,-5.9376564836597914e-16)   (-7.284975311045766e-16,1.4177396577909008e-18)   (3.0843113580563762e-16,-1.550927047034059e-16)
 (-3.0569774653264929e-17,2.2108790447231772e-16) (-3.7031485649302281e-16,-7.6533327389450291e-17)  (1.7149562255039571e-16,-1.1371656699897159e-16)   (-3.7789292255935802e-17,1.088406441898713e-16)  (4.7782331239186387e-16,-2.7180036449491616e-16)   (3.5630864899922888e-16,5.1590353742946017e-16) (-7.4980584168552617e-17,-8.4472552071052883e-16)   (5.3777736426326457e-16,1.1701950453231569e-18) (-2.7784747023141277e-16,-6.3203018170121809e-16)  (6.2323864003346712e-16,-3.4000394336818144e-16)     (0.99999999999999778,-6.7104471388659639e-17)     (-2.8201751920932387e-16,0.66950864902544094)      (-0.045988583167852148,3.59262409977597e-16)    (2.3119382554675044e-17,-0.068976004278136147)    (-0.071780224365126544,-2.490096249835093e-16)    (-1.4374635221836096e-16,-0.19896788459456988)      (0.34991591362999575,-1.288595888844969e-16)      (2.4414281283476776e-16,0.67068523319298101)    (-0.19991699314228059,-1.7663717414949451e-18)      (2.2770688151423924e-16,0.47672722391167321)
(-1.4657226073861591e-16,-9.6897219164004423e-17)   (7.3307461625967031e-18,9.9961445843340317e-17) (-5.1175028207456656e-17,-4.9371084978650321e-18) (-5.6120945825996178e-18,-1.0911821488303324e-17)  (-1.0140499304175882e-16,1.6976158125858688e-16)  (-2.0960813890226633e-16,2.4044846386364081e-17)   (3.6642473528285917e-16,5.1097892920119675e-17)  (-9.0848735845609309e-18,4.2035101910749503e-16)  (-3.3918579360190247e-17,2.8858918606499143e-16)  (-3.1977837602095117e-16,1.8592488993607109e-16)      (4.967194114356681e-18,-0.66950864902544427)     (0.99999999999999933,-1.5909309148305843e-16)    (-1.5556559799386665e-16,-0.71899209747559989)      (0.16393833048491582,6.5397476740967403e-17)      (1.6925237476595671e-16,0.25221298009967275)   (-0.012359950653669766,-4.7413330341399507e-17)     (6.6016024143362507e-17,0.017065105444341422)     (0.063670245702829864,1.0825126966956861e-16)    (-2.4522632020957679e-17,0.089384282883772204)    (-0.077443727979858323,1.1949026747690111e-16)
(-7.7789664473134483e-17,-1.3965897654114368e-16) (-1.1145775305258568e-18,-5.5921917266524565e-17)   (-7.7053523366593776e-17,4.876767887062238e-17) (-3.4669156657215702e-17,-8.0669539359676349e-17)  (-1.1646281136217564e-16,1.5446341584031862e-16) (-3.7402088970220772e-16,-1.4883770954297313e-16)  (-4.4187797226231923e-17,5.7618280019203095e-17)  (4.3389419901960965e-17,-1.6270714617235277e-16)   (3.9072159121525036e-16,2.8160991053759477e-16)  (-2.4915642847015351e-16,3.7813390827498428e-16)     (0.045988583167851579,3.3450459015866682e-17)      (3.2792188055426498e-17,0.71899209747560078)      (1.0000000000000018,-9.3320237703719656e-17)        (5.7714267542362744e-17,0.397578830161955)    (-0.14739966242398314,-9.8974582899783142e-18)      (3.2871933556634971e-17,0.21944350389733597)     (-0.19562109488464444,1.8247108365371326e-17)    (-4.7161278894504344e-17,-0.37357616522004666)    (-0.022358265329190274,2.7209679346417214e-18)    (-5.0546014487322681e-17,-0.44708178378326308)
 (-3.1850852828852603e-17,6.0692568679092781e-18)  (8.4040707339086527e-17,-2.1046284968464827e-16)   (8.3986506755771117e-17,5.7047576479623065e-18)   (1.7365378026710759e-18,4.6218862298715038e-17)   (3.3821422914137323e-17,3.0048905067183305e-17) (-2.3028183618464182e-17,-6.8246288216280133e-17)  (2.1583170831266487e-17,-2.7863823777794336e-16)  (2.2928737409351668e-16,-1.1386836989581111e-17)   (4.250593078099667e-17,-1.2092381298357608e-16)  (2.2358121407580755e-16,-3.7773391379426635e-17)     (1.4869832426275045e-17,0.068976004278136438)     (-0.16393833048491438,2.2745852124471919e-17)      (4.6862911015847131e-17,-0.3975788301619555)      (0.99999999999999944,3.5896314655295024e-17)      (2.067832055114692e-17,-0.93625102457185516)    (-0.10838530619479284,-2.8019917459736453e-17)   (5.5598841754586391e-18,-0.0080149761909021622)     (0.024436074756817798,1.3789020084185572e-17)     (5.0422697635068674e-17,0.010311681755453384)   (-0.018494804565984735,-5.1351234326186863e-17)
 (-4.5030552482101301e-17,2.6108263208856704e-16) (-1.1927295665043538e-16,-2.8889028509873442e-17)  (8.5746339440027216e-17,-1.3344365872846369e-16)   (8.2251515855947045e-17,4.2014423183020679e-17)  (1.0412444292842739e-16,-7.8850125177398514e-17)   (2.8643716924951249e-16,1.2537081389172513e-16) (-3.5332445733369903e-16,-5.5989445030192419e-17)  (3.4777604583207493e-17,-2.0836420946903757e-16)  (-5.1541425098167611e-16,-1.317963014966113e-16)  (1.9995488685825764e-16,-5.4839281491842775e-16)      (0.071780224365125322,-4.21188795779242e-17)    (-8.0828983368608195e-18,-0.25221298009967563)      (0.14739966242398128,2.5209764964545349e-17)     (-7.7177071188680401e-19,0.93625102457185705)      (1.0000000000000022,-2.4163484416920114e-17)    (-6.3527921198257552e-17,-0.10368907159068252)     (0.23125881778192359,-2.2803099744751462e-17)      (5.7425173460242845e-17,0.31517873563208187)     (-0.10233623297332356,-6.534217708192997e-17)     (-1.9583979665660485e-17,0.20142187799265043)
  (2.1097759915341397e-16,2.7575803608695441e-16)  (-3.5697230816522741e-16,2.4700623668143408e-16)  (8.2412748369614614e-17,-1.3971543076026082e-16)  (-5.4191801668361406e-18,5.0495418813918804e-17) (-3.9307670503673673e-16,-1.6583125513705782e-16)  (1.5438539787986371e-16,-3.5961851830072299e-16)  (-3.8502549094335763e-16,5.0453354182993532e-16) (-2.8655283362941982e-16,-4.4083460913317327e-16)  (-4.1192502629108888e-16,6.4618260738059417e-16) (-6.5659492134492342e-16,-5.2382412114760324e-16)     (-6.2539143738486657e-17,0.19896788459457371)     (0.012359950653666463,2.0237592866118825e-16)     (2.7563835829461814e-16,-0.21944350389733325)      (0.10838530619479189,1.8952799342375702e-17)      (-1.552279864088987e-16,0.10368907159068219)       (1.0000000000000029,1.4000452242791755e-16)     (-9.3362154249913688e-17,-1.1409532891073382)     (0.75966788347240244,-1.9207005502531324e-16)     (-5.3585651364095904e-17,0.43787798199074479)   (-0.054892029327396785,-1.3328331153315823e-16)
  (3.9342470123256157e-16,4.5138012924777678e-17)   (-2.2027722985270094e-16,3.485821357100572e-16)   (1.5674561415455019e-16,-1.807552036903405e-16)   (2.6145136167052744e-16,2.1425513192294129e-16)    (3.538670327491777e-16,-7.593268236681143e-17)   (2.4840983836428238e-17,2.5896962450114617e-16)  (3.2277708839508361e-16,-8.6886288003808182e-17)   (2.3637693908832515e-16,4.2745262932506934e-16)   (-2.005649125590028e-16,-1.421249388347585e-16)   (1.819980037058419e-16,-8.3300488304617962e-17)      (-0.34991591362999586,-6.20077798703586e-18)    (3.0588490502715265e-17,-0.017065105444340922)      (0.19562109488464485,1.1634128101749409e-17)   (-5.5254068378566043e-17,0.0080149761909018569)      (-0.23125881778192292,6.431546868745788e-17)       (3.0516650155342379e-17,1.1409532891073386)                        (1,2.1025248990285354e-17)     (-3.0875045471780804e-17,0.53196260387168959)     (-0.60952436321233971,4.7324106254124656e-17)     (3.3447216918522432e-17,0.024480812217909098)
 (-3.0257600589598842e-16,2.9781908408721747e-16)  (-2.3290005590682922e-16,-2.725204524999048e-16)   (2.1531157253361578e-16,2.3337789888911625e-16)   (-2.7067137617638633e-16,2.347260935355583e-16)    (3.1176729461671263e-16,5.931170703079139e-16)  (-4.1481982874373337e-16,2.6286474608594003e-16)   (4.6512335866988747e-16,1.3920127120067286e-16)  (-3.5255818002354246e-16,4.8553223614272203e-16)    (4.0437956007929892e-16,-5.30404293986721e-16)   (4.5884690950679402e-16,5.7028887846933359e-16)     (4.8534203839894673e-17,-0.67068523319298357)   (-0.063670245702827949,-1.0779383780738145e-16)     (-2.0040176141047592e-16,0.37357616522004566)   (-0.024436074756817215,-6.2253592139770632e-17)     (4.6723381344737849e-17,-0.31517873563208088)    (-0.75966788347240544,-5.6017128483699955e-17)     (4.3714002762645451e-17,-0.53196260387168937)       (1.0000000000000011,9.8672392151815936e-17)    (-2.7179094305597517e-17,-0.80362434013060258)      (-0.1891404393890363,1.3776854296571896e-16)
 (-1.6991127340147218e-16,1.6140022721152005e-16) (-1.1182659491969387e-16,-2.9184497593769205e-16)  (1.1772558777671589e-16,-1.0088986301581364e-17)  (-8.4443700273743778e-17,2.3356347887531781e-17) (-7.6683838819267701e-17,-2.0559820774097606e-16)   (1.5258030072349446e-16,1.8872254158901748e-17) (-3.1573582744198765e-16,-2.2861274082420526e-16)  (1.7260655544322824e-16,-2.3149364526217805e-16) (-4.4135924872785473e-16,-1.4410515991856616e-16)  (2.6978842864424815e-16,-5.6366420030929856e-16)     (0.19991699314227662,-1.8158508225196532e-17)   (-6.0493362317516735e-17,-0.089384282883774979)     (0.022358265329190902,1.1546478407681953e-16)   (-6.6462511281182602e-17,-0.010311681755454438)      (0.10233623297332167,4.5076086686538812e-18)    (-4.4721185030509157e-17,-0.43787798199073974)     (0.60952436321234071,-1.3185138214756407e-17)      (4.4602092954369724e-17,0.80362434013060158)     (0.99999999999999822,-1.7981046562999233e-17)     (4.5971028589490962e-17,-0.75948259550758146)
  (-6.753351955944711e-17,1.2598785350206072e-16)  (-9.0784516342571095e-17,2.0519653239604676e-17)    (5.1743965701776582e-17,5.451144306462592e-18)  (-2.8108534055115665e-17,5.2865216261320433e-17)   (2.5337933776411488e-16,2.5299806158099275e-16)  (-2.3245729542361745e-16,5.8991962663943676e-17)   (1.0751953637502588e-16,1.2344015874055621e-16)  (-1.1479261382116724e-16,1.6412455071235674e-16)   (1.0990171073767188e-16,2.2895288881529242e-17)   (1.7077829000707855e-17,2.9867304367602794e-16)     (3.5377310240227706e-17,-0.47672722391167288)     (0.077443727979860044,-8.286160815310567e-17)     (-9.6697035276854349e-17,0.44708178378326158)     (0.018494804565982858,3.9199797127148801e-17)     (1.0719625352310874e-16,-0.20142187799264882)     (0.054892029327399505,-5.420622834685103e-17)    (5.5291291840889232e-17,-0.024480812217911554)      (0.18914043938903669,9.7646071842783795e-17)      (9.4564916190656168e-18,0.75948259550758435)      (0.99999999999999811,6.6058847395410103e-17)