     (1.0000000000000002,-8.3522268893054314e-17)        (2.54353778104281e-16,0.97439886069501502)     (-0.12832514578987061,7.0362559087383095e-17)     (-7.3525649373928804e-17,0.14402031903495538)    (0.050988676170162547,-1.6241474030200233e-16)    (2.7208049904831543e-16,-0.042767478079298621)    (-0.065163658753277259,5.8305678818043216e-17)   (-9.3836221189464641e-17,-0.010540177166879168)    (-0.16423540699648509,-9.7513810410109887e-17)     (1.4537083371278231e-16,-0.27955610299648337)  (-1.0611177891900658e-16,3.0354190928013307e-16)    (2.0637326961074846e-16,1.750156929849356e-16)   (7.268437373449778e-17,-1.9390929782536643e-16)  (-1.226826486584641e-16,-1.5341471403416441e-16)  (-1.9251761961414403e-16,1.1553682943665478e-16)   (7.7408446565353353e-17,1.6729457375030126e-16)    (-2.007119066108529e-17,8.261838280482142e-18)  (-3.9214494820164838e-17,-1.157184257914197e-16)  (-1.8383856634120722e-16,1.8510429710760659e-16) (-3.6993215452763412e-17,-1.1171723924440563e-16)
    (4.8035481058321875e-17,-0.97439886069501502)      (0.99999999999999978,1.6134459470643211e-17)     (-1.7395728135745722e-16,0.16728681671691495)     (0.12618845614010601,-7.5136645768132228e-17)    (3.1404455544477875e-16,-0.012926805501225174)    (-0.060927796418921411,1.1634073455264339e-16)   (-1.7594033993904866e-18,-0.052102949697012985)   (-0.0065406643602048536,8.4314830286895006e-18)       (2.358306647895542e-16,-0.2522254377444082)      (0.15575303067082816,1.6091760610144704e-16)  (3.6462308989031346e-17,-1.2961774953296889e-16) (-8.6815692559584129e-17,-5.4633812720025895e-18)   (1.7840465021357211e-16,2.2423378599659047e-16)   (1.1511802613416686e-16,2.0986078873887339e-17)  (-3.6248970583012045e-16,-3.422134009681346e-16)  (-2.6923451876639067e-16,2.9956568183037605e-16) (-2.9371614672752366e-16,-1.0253730073546092e-16)  (2.6410115794063747e-16,-4.9331093732084412e-16)  (4.9427335042601825e-17,-4.5632589608518547e-17)  (1.7442258305956045e-17,-4.2560728474683119e-17)
    (0.12832514578986981,-4.0379178774389634e-16)     (2.5682022990731161e-16,-0.16728681671691573)                       (1,-2.1340993383975429e-17)      (9.8029301541248496e-17,0.99454117753735116)   (-0.071729580677549337,-3.8089819413358092e-16)   (-2.2085170255894647e-16,-0.040086885668683771)    (-0.048541071945001013,7.6377101082215322e-18)    (5.2169285576939652e-17,-0.012614139591743087)    (-0.020339712741763008,-8.500228651596837e-17)    (1.7899910353908814e-16,-0.074292043023428622)  (-1.2208299569834805e-17,1.1376446334705171e-16)  (2.0261054012171597e-16,-4.2590105512723669e-17)  (-5.4569930319029481e-17,1.7525634624894143e-16)  (1.1178284378112381e-16,-4.8940437929504338e-17)   (5.525396107817351e-17,-4.3082152913679358e-17)  (8.3008706487205522e-18,-7.5447506118154057e-17)  (-5.7563216161253252e-18,2.3331371672590101e-17)   (1.1691927838192112e-17,2.0450373414688557e-17)  (7.4671842753798397e-17,-6.3754147042278787e-17)     (6.502226207081429e-17,1.376359975042442e-16)
    (1.9659566839285338e-16,-0.14402031903495538)     (-0.12618845614010446,4.4712415930003021e-16)     (-3.3738391902948775e-17,-0.9945411775373515)       (1.0000000000000004,9.3008521889745069e-17)   (-9.0886268258159588e-17,-0.034959057685548509)     (0.069992429057410682,3.8023488432455784e-16)   (-8.0259128455131269e-18,-0.028662876037439857)    (0.029500133033073882,-8.0403351656861087e-17)     (1.8276269804986745e-16,-0.12720169892771849)      (0.07990775954695481,8.9959957186779419e-17)   (1.0016549815640626e-16,2.2915529179360722e-17)  (8.9162624067733426e-18,-1.5375329562966323e-16)  (2.4027968767017001e-16,-7.2340749553759501e-17)   (3.3111539969806716e-17,8.5039304322288437e-18) (-4.8774005314111268e-17,-1.0779644464227904e-16)  (-3.2872638613641841e-17,2.1006063555703597e-18) (-3.7772326481342725e-17,-3.9902239273577666e-17)     (2.6273270028068e-17,-4.6837589917271741e-17) (-5.8151036680203696e-17,-7.4794802100161907e-17)  (5.0474551136811455e-17,-1.0772614694430486e-17)
  (-0.050988676170162055,-1.0172515634157932e-16)    (-4.5361344491452264e-16,0.012926805501225767)    (0.071729580677547686,-5.8832810820031066e-17)     (8.7442774457053851e-17,0.034959057685548016)       (1.0000000000000004,2.2324850532050793e-16)       (2.6432017792995428e-16,1.0048560921480829)    (-0.12979110352609347,-1.6700917284043241e-16)   (-1.7437983652213329e-16,-0.074347687393298237)  (-0.0071455492425090243,-7.9926720655326661e-16)    (1.6781065779960389e-16,-0.089382239885300668)  (8.7926667222255291e-17,-2.6802467604010513e-16)  (-5.1707642580334988e-16,-4.689272160553622e-17)   (5.7123122772613229e-17,5.3476680813723868e-17)  (-5.6644715450132718e-17,9.8189704395602461e-17)  (3.4982064601271292e-16,-3.9433945196307259e-16) (-8.4103260444425036e-17,-7.8544141769528837e-17)  (5.0809550896616557e-17,-2.3790967393293489e-16)   (9.7209876504746535e-17,6.2254579439726274e-18) (-8.4326268147509271e-17,-1.9583853524027472e-16)  (-1.5711381501339506e-16,-1.386223701408336e-17)
     (-3.437670359457474e-16,0.04276747807929869)     (0.060927796418920398,2.8203185254723268e-16)     (1.1469179120324261e-16,0.040086885668683132)    (-0.069992429057409281,7.3360833708534829e-17)      (3.4211758705385258e-16,-1.0048560921480847)     (0.99999999999999967,-1.8642011990356157e-16)    (5.2823400708618324e-17,-0.076400192907776998)      (0.10927768231972479,2.1785162322557368e-16)   (-9.5390293023919904e-19,-0.041249045032369897)     (0.012550147031952718,7.2292513381578418e-16) (-3.7224333995086432e-16,-5.1586331305481399e-17)   (9.1821063601041749e-18,3.3896076381561227e-17)   (-2.7938593587308476e-16,4.719288301126113e-17)  (-3.1806906571778146e-16,2.5250984726949353e-16)  (-3.4653607159710277e-17,6.8583733399052956e-17)  (-3.4528345871585118e-17,4.6657546890727323e-17)  (2.2480536889799114e-16,-3.9673128051974397e-17)  (-3.8989868107824716e-17,4.3110783938991905e-16)  (5.9560324495535349e-17,-1.8151672173335858e-17)   (-1.4861137915067647e-16,1.539698416756895e-16)
    (0.06516365875327719,-1.5856324044501632e-16)     (-1.2819184980009188e-16,0.05210294969701236)    (0.048541071945000756,-2.2108045691325211e-16)     (2.0564147461910291e-16,0.028662876037439437)     (0.12979110352609236,-1.3032280677034882e-17)     (1.7241481825817747e-16,0.076400192907775236)      (1.0000000000000018,-6.3564352317374773e-16)         (4.6910452383311453e-16,1.04103693470849)    (-0.26421173661037778,-3.1913230572689065e-16)    (2.0023372834067311e-16,-0.011177810379674842)  (-1.238091205504697e-16,-2.7608116617343644e-16)   (1.2844159591764864e-16,1.5682174712774061e-16)   (1.5831864621712849e-16,1.7940948965737955e-16) (-3.1239442988876916e-16,-2.6213955669502645e-16) (-3.7924900918701837e-16,-5.8685229957205547e-17)  (-1.1803968226783005e-16,2.9728361103242887e-16) (-5.6744022537052182e-17,-9.6845805760430409e-17)  (1.2291966836483969e-16,-2.4676340611339386e-16)  (-1.2538966047274217e-16,1.6457922830990845e-16)   (1.365125555760115e-16,-3.3208758312613338e-17)
    (7.7838436864571342e-17,0.010540177166878904)    (0.0065406643602048346,1.5794152385677043e-16)     (2.7949853852405877e-16,0.012614139591742787)    (-0.029500133033073635,3.4457212901204086e-16)     (1.1605101230345848e-16,0.074347687393297168)    (-0.10927768231972368,-3.4826369749596885e-17)      (3.9517747756622177e-16,-1.0410369347084865)      (0.99999999999999822,4.7749253789094638e-16)  (-3.8023809839387603e-17,-0.0037877832246703122)      (0.27697542750659793,1.9096601453057792e-16)   (2.7634633062512663e-16,-2.292910679708147e-18) (-1.4975816506287337e-16,-9.3244518895175342e-17)  (-1.9146252155762785e-16,4.9841459545664703e-17)   (1.1033088679646108e-16,1.0885296104853936e-16) (-4.4642491915448366e-17,-1.8108196516801294e-16) (-1.6008955786582696e-16,-6.9938288927567581e-17)    (1.074217935273515e-16,2.2147633422587035e-17)   (3.2926335316561395e-17,2.9326546507532173e-16)   (9.2997802127575743e-17,-2.022524703163161e-16)  (-7.8272630668431731e-18,3.2409863350015901e-16)
     (0.16423540699648467,2.6433701600233516e-16)     (-1.6276323223761837e-16,0.25222543774440742)      (0.020339712741762331,2.744045370234548e-16)     (-4.1982043854329651e-16,0.12720169892771799)   (0.0071455492425076331,-1.7508806353199216e-16)     (3.9707259412730792e-16,0.041249045032368224)       (0.264211736610376,-6.4413499841007349e-16)    (3.6608283514330251e-16,0.0037877832246685818)     (0.99999999999999944,-5.5744807131811673e-16)       (6.1941095184176565e-16,1.0078353538871088)  (-4.9898628805296983e-16,1.8187912248177462e-16)   (6.3323190159020385e-16,1.6692351799363993e-16)  (2.4373927059829186e-16,-1.9507655053810336e-16) (-6.6038109379937914e-16,-4.8146908154234828e-16)  (-6.9419510241720551e-16,6.5932731175010714e-16)   (3.0743683647287214e-16,4.5185559051369608e-16)  (-1.7720590044553757e-16,4.3733484888627672e-16)  (-6.907052504815207e-16,-5.1365904408540701e-16)  (-8.8914341797466985e-17,6.3385574922959626e-16) (-1.2547673046944917e-16,-4.2767506877728185e-16)
    (-2.8016425861084225e-16,0.27955610299648287)    (-0.15575303067082755,-1.1454198288232952e-16)    (-2.7551996935351547e-16,0.074292043023428234)   (-0.079907759546954352,-2.7429604507985349e-16)      (3.4479683916313186e-16,0.08938223988529892)    (-0.012550147031951025,2.1923287422708795e-16)     (6.9089150021265688e-16,0.011177810379674025)     (-0.27697542750659743,6.2715809331601376e-16)      (4.4685626689764791e-16,-1.0078353538871105)       (1.0000000000000007,6.7449095754028936e-16) (-1.1084164937169925e-16,-5.0162783911236328e-16)  (-1.5811290172183133e-16,4.7960972297263454e-16)   (3.0061490892962291e-16,2.9607074155751007e-16)  (5.0836069122855039e-16,-4.8667891469229381e-16) (-9.2555739990751441e-16,-7.8019323459571053e-16)   (-5.042091140898273e-16,4.0791392686564701e-16) (-5.7727065892699533e-16,-1.9591221677485693e-16)    (5.5988342071319742e-16,-7.66231737718917e-16) (-3.5443322190346509e-16,-6.1814352953840029e-17)   (3.7200499002033207e-16,2.7348464990581939e-16)
 (-1.0893365490242196e-17,2.8265131285069219e-16) (-2.2172813214406724e-16,-8.3884763954417156e-17)   (1.3988564960428408e-16,-1.172791847075136e-16)  (-2.2160754559918375e-17,1.3911740753268256e-16)  (5.4615580803696445e-16,-4.5024038145222107e-16)   (2.1407111655814361e-16,4.5528824663365103e-16) (-1.1804454761647868e-16,-7.7542507632356745e-16)   (6.8103527659337398e-16,6.1111282699509319e-17) (-3.0210577936543029e-16,-4.1947801094862952e-16)  (7.7339468883659314e-16,-3.2390022191333436e-16)     (0.99999999999999933,-6.7104291888012667e-17)     (-2.8201635752964318e-16,0.66950923312142396)    (-0.045989482532862613,3.5926297298359565e-16)     (2.3118314560922955e-17,-0.06897626927529564)    (-0.071779103123158827,-2.490094207969335e-16)     (-1.437462527801396e-16,-0.19896854140124767)     (0.34991687362294754,-1.2885927282253795e-16)      (2.4414247042158488e-16,0.67068662680979085)    (-0.19991862301426952,-1.7640287684763229e-18)      (2.2770632928826758e-16,0.47672547194864667)
(-4.7033003007333161e-17,-8.7211603009888725e-17)  (1.8549181399339086e-17,-1.6065646012198746e-17)   (-4.5361277564469439e-17,1.850427416334322e-17)  (2.2111021432541912e-17,-3.8698156016116699e-17)  (-5.6433597888377281e-18,1.8532388633593586e-16) (-1.9072376849927583e-16,-8.0648022291522404e-17)   (4.0077284926707799e-16,8.3636733854771093e-17)   (1.8480567967484054e-17,4.0137421891702935e-16)   (3.9299323297593784e-17,2.9945631155963152e-16)  (-3.2686766954537157e-16,1.7621667202753359e-16)     (4.9649749447732062e-18,-0.66950923312142385)     (0.99999999999999933,-1.5909216575641801e-16)    (-1.5556206334361286e-16,-0.71898978357055943)      (0.16393757223456129,6.5399539137785406e-17)      (1.6925341723769597e-16,0.25221093175389497)   (-0.012361296016310849,-4.7413016169931372e-17)     (6.6015581513395645e-17,0.017063200612236817)     (0.063672986908051593,1.0824979334566148e-16)    (-2.4521689688623233e-17,0.089385547349059569)    (-0.077444337335688451,1.1948584620403323e-16)
  (-9.5133755119955515e-17,-6.97216812847984e-17)  (1.1420363823837213e-17,-4.8680222745055098e-17)  (-7.9601662011069975e-17,6.4105549718248253e-17)  (-9.930766096520214e-18,-7.4307211696416118e-17)  (-1.8023805390216092e-16,4.2530946792948694e-16) (-1.2441419957612928e-16,-8.8349088465370419e-17)   (-4.4917023561228683e-17,4.080332788713308e-17) (-5.7732587830719069e-17,-1.8014233321491178e-16)   (4.0546886199330406e-16,1.8253674712781089e-16)  (-3.7278877420668411e-16,3.5496057879567884e-16)     (0.045989482532861725,3.3448723229638666e-17)      (3.2792425743781689e-17,0.71898978357056043)      (1.0000000000000009,-9.3317696147620179e-17)       (5.7712276771936002e-17,0.3975796543992367)     (-0.14740051776202093,-9.896780624326225e-18)      (3.2871516055729249e-17,0.21944383626584232)     (-0.19562159617416758,1.8246317772240463e-17)    (-4.7159688368823057e-17,-0.37357664660114698)    (-0.022354780690630238,2.7222075202059027e-18)     (-5.054375767060201e-17,-0.44707772667399259)
(-1.5052237981449886e-16,-4.1612832958267624e-17)  (3.2112213924682833e-17,-5.2214146838016088e-17)   (1.2429004977011793e-16,2.1775830218658134e-19)   (-1.155863384966329e-17,2.7374733577801155e-17)   (7.9030603009293644e-18,-7.394114920306566e-18) (-6.2652391376058105e-17,-2.9294933246421005e-17)  (3.1408837525702482e-17,-2.8858210883215894e-16)  (2.2710363231271635e-16,-8.3540341528969921e-18) (-7.8899267650697177e-17,-1.4635454952474766e-16)   (2.2540080009442737e-16,2.7713181460914417e-17)      (1.487138310062413e-17,0.068976269275294044)      (-0.16393757223456115,2.274595582603022e-17)     (4.6860060866042144e-17,-0.39757965439923626)       (1.0000000000000007,3.5894402316919656e-17)       (2.0677943876328726e-17,-0.936249997407406)    (-0.10838471191068427,-2.8020286411352089e-17)   (5.5602413724808531e-18,-0.0080142662806482468)      (0.024435142620817751,1.379016412185643e-17)     (5.0420662728933356e-17,0.010312622684040651)   (-0.018495777076748432,-5.1348500366093272e-17)
  (1.6738379019218553e-17,1.3763964941046183e-16) (-2.5986492433506298e-16,-9.2308696024756697e-17)  (8.8368827448067816e-17,-9.5908990028434687e-17)     (9.752688869305272e-17,2.831835179790742e-17)  (1.7616426255726465e-16,-1.9199460142125731e-16)   (1.6859671082761825e-16,5.1999993544460869e-17) (-3.4445034053463889e-16,-3.7524879847722014e-17)  (6.8472485057532072e-17,-2.0122229663012912e-16)  (-4.903616426642188e-16,-2.0731346317785119e-16)   (1.7831587848076992e-16,-5.397239714657928e-16)     (0.07177910312315694,-4.2116764189071177e-17)      (-8.082913235110086e-18,-0.2522109317538952)      (0.14740051776201901,2.5206837380566554e-17)     (-7.6953074673040462e-19,0.93624999740740356)     (0.99999999999999944,-2.4164883445182855e-17)        (-6.3527832503214623e-17,-0.1036888576726)     (0.23125842690500956,-2.2803079256802249e-17)      (5.7424310908169281e-17,0.31517770330222539)    (-0.10233800906355472,-6.5343855043028037e-17)     (-1.9587884202276615e-17,0.20141972693265497)
   (3.2295512421209925e-16,2.559684178602629e-16)  (-3.9609192813528836e-16,2.0368854766058903e-16)  (8.6182181938905478e-17,-1.4780226127526282e-16)   (-2.5712401378039362e-17,4.814362712846285e-17) (-1.6120492550816599e-16,-1.8216903286348298e-16)  (1.2697479784677132e-16,-5.5924874692676179e-16)  (-4.6572985994039624e-16,4.6095404804246433e-16)  (-3.3459329437903392e-16,-2.773657627893301e-16)  (-5.3591228723821301e-16,5.9066950056655742e-16) (-6.8309470347996104e-16,-3.8330760321277956e-16)     (-6.2537713752835604e-17,0.19896854140124887)     (0.012361296016310752,2.0237526757016288e-16)     (2.7563678820407573e-16,-0.21944383626583908)      (0.10838471191068016,1.8951880748014771e-17)      (-1.5522892167152226e-16,0.1036888576726035)       (1.0000000000000011,1.4000450813102728e-16)     (-9.3362150274245729e-17,-1.1409532585850628)       (0.7596675967194837,-1.920695495459587e-16)     (-5.3585472801573414e-17,0.43787948153789574)   (-0.054893818471212219,-1.3328023143513621e-16)
  (4.1819711728677691e-16,1.5274465943847554e-16)  (-1.9650905852152861e-16,2.9937110359122022e-16)    (1.7913305144161062e-16,-1.83019254796629e-16)   (2.5414618793607668e-16,1.7718325605579098e-16)   (3.6335871383431078e-16,1.8745362491818956e-16)   (2.4873763903742404e-16,2.3477888297068337e-16)  (3.8839488732164278e-16,-1.8978816027244673e-16)   (3.8118424666211853e-17,3.5519564628829025e-16) (-1.2982769786586915e-16,-3.0274750320337648e-16)   (1.681735813719631e-17,-1.1347876413864578e-16)    (-0.34991687362294954,-6.1991700518232643e-18)    (3.0588263212533966e-17,-0.017063200612237428)      (0.19562159617416996,1.1631653952376893e-17)    (-5.5252152435546581e-17,0.008014266280650828)      (-0.23125842690500797,6.431484225794727e-17)       (3.0517044547457385e-17,1.1409532585850646)       (1.0000000000000013,2.1025884762747662e-17)     (-3.0876438780629616e-17,0.53196227961114528)     (-0.60952659535328446,4.7322760593044175e-17)     (3.3445012251461081e-17,0.024478003674049953)
  (-2.8274178636444617e-16,3.312134839523995e-16)  (-1.7071937473781839e-16,-3.961151824668354e-16)   (2.2319866138509934e-16,2.9655264798926137e-16)  (-1.9415011503273279e-16,2.0753264029023766e-16)    (7.062226530630674e-17,5.5726059550827008e-16)  (-4.3207479807090111e-16,4.5833232696345672e-16)   (5.7191478502880849e-16,2.4176601033063045e-16)    (-2.3679363128400975e-16,2.84025649235833e-16)  (6.4523390527659211e-16,-4.4569975713583633e-16)   (4.8460045647627759e-16,3.8813561794053211e-16)     (4.8532075092029172e-17,-0.67068662680979352)   (-0.063672986908050538,-1.0779359267704561e-16)     (-2.0039896424914979e-16,0.37357664660114864)   (-0.024435142620818431,-6.2251552247661286e-17)     (4.6724344285954446e-17,-0.31517770330222583)    (-0.75966759671948636,-5.6016663218036991e-17)     (4.3713074640423851e-17,-0.53196227961114406)                        (1,9.8670531996619511e-17)    (-2.7178657555754963e-17,-0.80362781348865608)     (-0.18913592046652233,1.3776548591204022e-16)
 (-2.3894086699891293e-16,2.3866335563875646e-16)  (4.1154838591479589e-18,-2.0360345705803374e-16)   (5.8810592511763252e-17,4.1283932815696843e-19)  (-5.2376877380276992e-17,1.0046050501476389e-16) (-1.1206977528099039e-16,-1.9516518126054456e-16)   (1.8179425671912766e-16,6.8646281862738952e-17) (-4.0781061582699839e-16,-1.7003962282109475e-16)  (2.4340068535835155e-16,-1.4567129595393655e-16) (-5.1633773658384854e-16,-2.8046271272939102e-17)  (3.2214723736447431e-16,-5.6025616219935708e-16)     (0.19991862301426666,-1.8161584589409627e-17)   (-6.0493695477414945e-17,-0.089385547349059097)     (0.022354780690629041,1.1547008774613295e-16)    (-6.6466066880584708e-17,-0.01031262268404283)      (0.10233800906355088,4.5084719952368503e-18)    (-4.4722266349062787e-17,-0.43787948153789047)      (0.6095265953532838,-1.3187055040648226e-17)      (4.4605713268103245e-17,0.80362781348865253)     (0.99999999999999778,-1.7979097179421831e-17)     (4.5974786651609197e-17,-0.75948054696156009)
 (-1.3495076749840947e-16,4.8476698548439682e-17)  (-1.6899956056274839e-16,3.9268526265548857e-17)  (4.5611356649783976e-17,-1.3220989363310625e-17)  (-6.3484710494164893e-17,7.0157882874425262e-17)  (-2.9863195360759771e-18,1.4312547226724092e-16)  (-3.4560882573900354e-16,2.9745985776657497e-16)   (1.2340001898418745e-16,8.9662323810214283e-17)   (-1.225792188801408e-16,7.1902611207662001e-17)   (1.904091846435193e-16,-9.3250682305678278e-18)   (3.6437067951364114e-17,1.9370586522626355e-16)     (3.5380231646492883e-17,-0.47672547194864601)    (0.077444337335689339,-8.2862105180189187e-17)     (-9.6702085880669898e-17,0.44707772667399226)     (0.018495777076747703,3.9196385642118366e-17)     (1.0719526879513686e-16,-0.20141972693265386)    (0.054893818471215772,-5.4207185757558472e-17)    (5.5292944116321657e-17,-0.024478003674052534)      (0.18913592046652364,9.7649299025054003e-17)      (9.4548647673527385e-18,0.75948054696156431)      (0.99999999999999989,6.6062805733230331e-17)