      (1.0000000000000029,5.7153661091484242e-16)      (-1.2325996591344622e-15,1.3631818519996171)    (-0.86419678977422576,-1.7535354907387601e-15)     (-5.0993202170822474e-15,0.90964665860653415)      (0.66983598464059324,4.8810865424816085e-15)     (1.0778523192643047e-16,-0.19522961918612933)      (0.81269778096697531,2.5776415604284181e-15)      (9.8467168033733149e-16,0.36586386258705872)    (0.084837977395568281,-8.6325645040335523e-16)      (1.8724736746844142e-15,0.07415340912641033)   (-9.555333239623057e-16,1.6458223975461179e-16)  (1.6085977281799817e-16,-7.8867066340403433e-16)   (1.4202227684834918e-15,7.6906015561107916e-17)   (5.5213087738265063e-16,5.1254285801464114e-16)  (1.1779763526348405e-15,-5.9345244282406264e-16) (-4.2577947873086843e-16,-9.7569371129583342e-16)   (6.1320367870994807e-16,2.5316603768540958e-16)   (6.068304755403606e-17,-1.2831379201316818e-15)  (1.1623108393780356e-15,-3.8523897570539795e-16) (-1.3305939133456485e-16,-3.1039040510860625e-16)
     (-6.9499887955436681e-16,-1.363181851999639)       (1.0000000000000329,6.6109028259624834e-16)    (-1.3406896059929248e-15,0.090149154322927139)       (1.1500513438155697,-2.047175112893397e-15)     (-2.4591905552196153e-15,-1.3244394953262981)     (-0.23996303960462537,5.6445027955425245e-16)     (-1.9466878072741721e-16,0.25737935630361808)     (-0.81200557429459008,2.2275218167260269e-15)      (1.0181266392477608e-15,0.27012733336435774)     (-0.84864074332807837,1.1204587382857819e-15)   (1.6216469448301074e-16,6.9089782309351295e-17)   (-2.810246123170134e-16,2.6852736980572577e-16)  (-5.9052067005926856e-16,4.6809774934886343e-17)  (-2.1435731720638586e-16,2.9090102669341207e-16)   (4.5716385346030031e-17,3.9866664067094557e-16)   (1.9140250161096151e-16,4.1724506975812137e-16)  (-2.3231290049073409e-17,-1.146388226149351e-16)   (8.2434179277098987e-17,3.3081654709416139e-16)  (-3.4075996815444615e-16,2.6621254970179675e-16)  (2.9141913853563244e-16,-1.0384689414457508e-16)
     (0.8641967897742604,-7.2987174625202071e-16)   (-1.5647977773826401e-15,-0.090149154322856445)      (0.99999999999996447,-2.983777241190161e-15)      (-7.4026260546752418e-17,2.6735611055559079)      (2.7287715344882946,-6.0045182954563918e-16)    (-8.5243398856287529e-16,-0.64085690647306937)      (0.23808343904514195,1.1633656253766691e-15)     (-2.8554821426367542e-15,-1.0730109550008071)     (-0.56858010780907864,1.0857458213265928e-15)     (-8.046022191508781e-16,-0.92460332171880666)    (-1.86220162887074e-16,5.1012864325545039e-16)  (-4.4435559872636907e-16,3.3576829823825887e-17)  (5.9670572756778895e-17,-9.4531937806619768e-16)  (1.8757735134958271e-16,-1.1324737901989209e-16)  (7.3367673835038882e-17,-6.1167340640746129e-16) (-1.0733213587174356e-15,-3.1690109092063212e-16)   (6.1007519704850761e-16,1.9618519826428573e-16) (-5.0781537300497598e-16,-1.7947587372381501e-16)  (4.8769000752239994e-16,-8.3762202546060407e-16)  (9.4034696360333453e-17,-3.7272993880267328e-17)
   (-1.7452652590857145e-15,-0.90964665860652916)     (-1.1500513438155691,-5.1885708817188018e-16)      (3.5779084537549911e-16,-2.6735611055558954)     (0.99999999999999856,-1.0568139004634032e-14)      (-1.082821554660912e-14,-1.2032166438934462)      (-1.7040601679180178,6.3660335003840098e-16)     (-3.6792947003554976e-15,0.56630488130276702)      (-1.9034272550266493,3.9153599870438122e-15)      (3.5489798715898608e-15,0.57438242855226018)       (-1.106462041470939,4.5552877322388562e-15)  (5.9002756706718741e-16,-7.2783647087426915e-16)   (6.4066716961077448e-16,9.9353708742820271e-16)  (-5.5787076174977355e-16,8.9399609828815669e-16) (-7.1922594823110386e-16,-6.6716377239843504e-16)  (-1.0769647373097887e-15,1.0600041796687426e-15)   (6.9551950194192528e-16,1.7018849829589351e-15)  (-1.1870457451384484e-16,1.4832717573647847e-17)   (1.5126824449857148e-15,1.4181639877008265e-15)  (-7.4091664425527116e-17,7.7092718565972319e-16)  (3.4168622038014766e-16,-2.5448152646760222e-16)
    (-0.66983598464058469,2.0229138261357945e-15)      (-1.7984460294346283e-15,1.3244394953263059)     (-2.7287715344882901,-2.3482760584779626e-15)      (-1.3081637008717034e-14,1.2032166438934417)      (0.99999999999999312,1.3094289464353933e-14)         (6.45195105250799e-16,1.8984275955674443)       (0.9693554724962129,5.1540964741831319e-15)       (3.6990537867512508e-15,1.6078556267776325)     (0.30553266320000877,-3.5372605927030801e-15)       (5.6062248867742623e-15,0.7326508398525281) (-1.0930152090116108e-15,-4.0541548367840813e-16)  (8.3371201883789303e-16,-7.3991323341527077e-16)   (1.2756960181737615e-15,7.1125575536217198e-17)  (-5.1760382574452265e-16,7.3713492295375724e-16)   (1.3837600729171092e-15,7.5015790688261254e-16)  (1.1610326033595268e-15,-1.1373253732559531e-15)   (6.0481650172006316e-16,3.1844844438947507e-16)  (1.1909544957056883e-15,-2.1917882554572636e-15)  (1.5104674741558557e-15,-2.3521056398041387e-16) (-2.8755087514314468e-16,-5.8260475929472085e-16)
     (-6.3190813735874458e-17,0.1952296191861207)      (0.23996303960462925,8.7022138559266875e-16)     (-1.6141899996341661e-15,0.64085690647306659)       (1.7040601679179999,1.5876398357455705e-15)      (1.2824837686797699e-15,-1.8984275955674264)     (0.99999999999999534,-2.9234932767199202e-17)      (1.2598614072577275e-15,0.07602092869581506)      (-0.26892649191523837,5.523781250107901e-16)    (2.2786619260421936e-16,-0.036800120215275851)     (-0.16201287148626634,-3.488859914221166e-16)   (1.4248624184926071e-16,-4.737418433257541e-17)    (2.223585235112193e-16,1.7528678411719633e-16)     (6.13771324585812e-17,7.7844746640017596e-17) (-3.5489788370203104e-16,-3.4338627842277451e-16)  (-2.0939344859753804e-16,3.8811780676821524e-16)  (1.2043155683458595e-16,-3.4171939680067172e-18)   (1.992303517508198e-16,-1.0216941188434884e-17) (-3.3368431060710533e-17,-1.3661154398954194e-16)  (6.2749911667646136e-17,-3.1604946673695435e-16) (-5.3914089121099473e-17,-1.9009425472868226e-16)
    (-0.81269778096699352,1.3820239247678733e-15)     (6.0646573296265287e-17,-0.25737935630365505)      (-0.2380834390451029,6.8704786924330212e-16)     (-4.562051622118989e-15,-0.56630488130278001)      (-0.96935547249622389,4.973891653807074e-15)    (1.2147182812709382e-15,-0.076020928695803361)      (0.99999999999999001,1.3969536423040466e-15)       (3.5450071247323238e-15,1.0004239613150974)      (0.64080963316556017,-1.887126648435633e-15)        (2.973708692438314e-15,1.2937835172762329)  (-7.6483580615261175e-16,1.8672069282001274e-16) (-1.7264235934550888e-16,-8.9177401785151756e-16)   (7.2400983336052264e-16,3.3644765747332329e-16)  (-4.4165480410978971e-16,1.1685685185418271e-16)   (5.6553637228297448e-16,7.9870095598129087e-16)  (1.1713346686137229e-15,-1.2544542511923338e-15)  (4.7020162649632412e-16,-1.1068066932445661e-15) (-4.6728089639376084e-16,-1.5731137956642289e-15)    (6.002427616285678e-16,1.0494731921507073e-16) (-8.6960668039417974e-17,-2.0222222922534564e-17)
    (9.5955858304177864e-16,-0.36586386258706738)      (0.81200557429461107,3.0532436983349765e-15)      (-4.4877779611213856e-15,1.0730109550008211)        (1.903427255026588,5.5048560141433531e-15)      (5.2167726002520151e-15,-1.6078556267775677)        (0.2689264919152442,7.917221185219758e-16)      (3.8431716833871504e-15,-1.0004239613150903)      (1.0000000000000178,-7.8234931002394894e-19)      (-1.0511036668431153e-15,1.0035009940798023)    (-0.72357523010637803,-2.2935483064483043e-15)  (-2.6639768253799921e-16,1.2050109560431763e-15)  (-7.6808293245114103e-16,-6.487520215675579e-16)  (-2.226661521044845e-16,-1.4761949315975908e-15)  (2.6853755565342046e-17,-1.5558560860831115e-16) (-3.4944924060056723e-16,-7.5357280714404468e-16)   (-8.6835586918085761e-16,7.962764459882765e-16)  (9.8804002382948442e-16,-1.1817837171959452e-15) (-1.7978292799935996e-15,-5.3881137815026586e-16) (-5.8404933557272546e-16,-1.8722447851614338e-15)  (-3.9456883116317919e-16,1.3934743481958579e-16)
    (-0.0848379773955939,-6.5579536783656334e-16)     (1.8523643670953147e-16,-0.27012733336437422)       (0.5685801078090772,1.4564728230211622e-16)     (3.7234238561216641e-15,-0.57438242855226973)    (-0.30553266320001526,-3.7992555934622633e-15)    (-4.9891457650694996e-16,0.036800120215279869)     (-0.6408096331655585,-1.8458761581059109e-15)     (-1.4541267086137312e-15,-1.0035009940798179)       (1.0000000000000102,1.1610237058059849e-15)      (-1.8540687978872246e-15,0.6505502065484845)  (6.6072369383031052e-16,-8.1706465173296319e-17)  (-1.1339585230323224e-16,4.7722698847851393e-16)  (-8.1189925369464166e-16,-8.163380160265042e-17) (-1.0075421191487065e-16,-3.0761552714070667e-16)  (-7.8719181802770234e-16,3.5082915404879741e-17)   (-7.170759542824357e-17,8.9484188506387704e-16)   (-5.934542403289079e-16,1.8130298676122689e-17)  (-4.4599163718277859e-17,1.2911564570835719e-15)  (-8.9189952571424516e-16,2.0694299344004217e-16)   (9.3011571415218061e-17,3.2413282356720642e-16)
   (1.1332622538800903e-15,-0.074153409126438571)      (0.84864074332809414,1.9359209687757927e-15)     (-2.8152026240321394e-15,0.92460332171879989)        (1.106462041470923,7.8348103263132254e-15)     (7.5884696863588879e-15,-0.73265083985250878)      (0.1620128714862642,-3.7139486203393429e-16)      (4.0346786876110308e-15,-1.2937835172762226)     (0.72357523010640379,-1.8567364642460459e-15)    (-1.8479667863886809e-15,-0.65055020654846529)     (0.99999999999999345,-3.3029601779161351e-15)  (-7.3651281244562667e-17,1.2368704841863726e-15) (-9.5948328060716865e-16,-4.7040786938591367e-16)     (7.21896953756849e-17,-1.640093969766512e-15)  (5.0120714414194084e-16,-2.8223988268265132e-16) (-3.0123971141476385e-16,-1.3760135939036792e-15)  (-1.2982135487418359e-15,3.4755194577910856e-16)  (5.0569114625990033e-16,-1.0001170577400049e-15) (-1.9678824919945538e-15,-3.5149441892178384e-16) (-4.2781584354378395e-16,-1.6117216946473214e-15)  (-4.6209255755758479e-16,1.8574129351929023e-16)
(-7.7316221160697329e-16,-8.4720509068955349e-16)  (3.6037375525698336e-16,-1.3644625452482009e-15)  (1.5347986343547755e-15,-8.2636670007855384e-17)  (7.5046509722821241e-16,-3.8054908412972495e-15) (-3.5441583060245267e-15,-1.1856084107454856e-15)   (2.4508294468419679e-16,1.5990505039602156e-16) (-1.9316415254981669e-15,-5.9954601027128293e-16)  (-9.3257472618902955e-16,1.0068205889238769e-15)    (1.1265527143409608e-15,5.614032258393214e-16)   (-9.956033571624784e-16,1.5268760283244373e-15)       (1.0000000000000009,1.0431047610829142e-16)      (-8.626429778885282e-17,0.79740006309453226)     (-0.82929684255559888,1.2242474238571029e-16)    (3.2175959369643102e-16,0.0075290961635287035)    (-0.20615023181319259,-2.8147828867878608e-16)    (-3.234594523511266e-17,-0.093360799646918902)     (0.18182988571789199,-4.0701248282596781e-17)     (-5.6147283770611191e-17,-0.6219223094724966)      (0.16525243635262474,1.0368782191174081e-16)       (-4.83397676832271e-17,0.87131768050895564)
 (1.1448431151293907e-15,-1.0150188472189047e-15)   (2.5319120076323296e-15,3.8395225556547743e-16)   (2.2693016464612241e-16,3.8235584326287697e-15)   (9.3439492436097802e-15,1.4343975643304774e-15)  (1.9978721415476306e-15,-8.6100532246873363e-15)  (-3.6224373708122359e-17,4.2860598694162848e-16)   (1.325846289771818e-15,-4.2857667864620007e-15) (-5.6671502152766935e-16,-1.0473267753410358e-15)  (-1.1790639708509008e-15,2.0804869503966248e-15) (-2.4119812901886837e-15,-1.6223333446639317e-15)    (-1.2129323124739366e-16,-0.79740006309453426)        (1.0000000000000078,1.279699344583259e-16)       (1.087535742254366e-17,-1.0224943785305229)     (-0.36301291642896055,6.5604473484616684e-16)     (7.0784646292351349e-16,-0.28676820218162313)     (-0.12863179915051334,2.5999859949677354e-16)      (2.3340558625882714e-16,0.25435067273110679)      (0.26831740641016832,6.0875161629763358e-17)     (1.7333513962437901e-16,-0.33682762123762439)      (-0.84935621493620184,-2.86921800244468e-16)
  (9.9199107235407333e-16,1.9778135311530392e-15)  (-8.0491990331723711e-16,2.3797671259394404e-15)  (-3.6268145848971178e-15,2.9891725959081019e-16)  (-2.3210161501159419e-15,1.2850284885901099e-14)   (1.1969871759011692e-14,3.0410727512035207e-15)   (-2.4339009350639934e-16,6.399953269197508e-16)    (5.508053542184853e-15,7.1693738093735751e-16)   (1.6240627639434882e-15,1.8159968540402664e-16) (-2.9050527469770941e-15,-1.8275962948332993e-15)  (2.7251067221423967e-15,-2.8151487233432527e-15)     (0.82929684255560987,-2.1210474501609608e-16)      (-1.8606886527865239e-16,1.0224943785305631)       (0.9999999999999839,1.1170564927592468e-17)    (-1.0728138825742766e-15,-0.99854108984332912)     (-0.44431228981293069,1.1496326463435857e-15)    (-4.3656716224891191e-16,0.074768340784243631)     (-0.29140452632394254,4.0422114053457848e-16)     (-7.8884496216859156e-17,0.44474285343936271)      (0.67803952630016662,2.6630257002497054e-16)     (4.6767009205931109e-16,-0.42876017590367632)
 (5.9989754218402906e-16,-4.9374794048864861e-16)   (2.3345940864941309e-15,1.1351685074884272e-15)  (-1.4285615890234866e-15,3.4857972375405956e-15)   (1.8519980825758426e-14,5.4185201743241792e-15)  (5.0137966042242052e-15,-1.6802971388920534e-14)    (2.592910153354372e-15,6.0789100959029357e-16)  (9.0539391164475329e-16,-8.2344216829413711e-15)   (4.8155359103302291e-15,8.5990416746234695e-16)  (-1.6532025760191291e-15,3.6501625967115304e-15) (-1.4796515631414461e-15,-1.5403370951863753e-15)  (-5.7556563599774812e-16,-0.0075290961635459674)      (0.36301291642905015,6.2486841972914828e-16)      (1.0770760604177362e-16,0.99854108984346734)       (1.0000000000002049,2.9412204606597457e-15)     (3.1996959704515403e-15,-0.72240829439525589)     (-0.71434663047002855,1.2031635518697366e-15)        (9.816356480887414e-16,1.0605005653995903)      (0.77643255638485953,4.2560596812808845e-16)     (9.1269009058799111e-16,-0.48344072338034222)     (0.79528241579286785,-1.3067369541280004e-15)
 (1.3313731225960886e-16,-5.2834921910884212e-17)  (9.9662540631730288e-16,-1.8230098287173513e-15)   (2.6975920625156949e-15,1.6581591980052542e-15)  (5.2236943350400113e-15,-1.5445224085486876e-14) (-1.3609079836000153e-14,-4.5766963918405208e-15)   (6.0566234925870744e-16,-2.708538677225128e-15) (-6.8597890452997146e-15,-8.0988877757561868e-16)  (1.4056539894303023e-15,-5.7081360833215079e-15)   (2.7343810114330036e-15,1.2062159918354553e-15)  (-8.2141211958496577e-16,7.7945762455814311e-17)      (0.20615023181317749,5.8202453112648934e-16)      (5.9661654370661645e-16,0.28676820218154003)     (0.44431228981307525,-8.4311089819978573e-17)      (2.9151967978822858e-15,0.72240829439485255)     (0.99999999999980327,-3.1609154110592936e-15)      (1.1518129933112377e-15,0.73783081558441554)      (1.1887559104379775,-9.3494878445044178e-16)     (4.3048877181112667e-16,-0.78551024004812742)    (-0.19782438594251112,-8.8227561849829501e-16)     (-1.274154316511708e-15,-0.96262975020910324)
(-7.4928449329618055e-16,-2.3808637593411441e-16)  (-8.371487365087967e-17,-5.7053411678434053e-16)   (8.4366628298726049e-17,7.4827500568350746e-17) (-2.5570376702115116e-15,-1.0960081201989781e-15)  (-1.1189322616081456e-15,1.9791015693665043e-15)  (-4.7521766467920211e-16,1.9233779049688208e-16)   (1.1236764036430543e-15,7.4146954297216508e-16)  (-1.9573711514556222e-15,3.9718780197653049e-16)  (2.9535211323630026e-16,-6.8075601293655481e-17)  (-8.5432772541050136e-16,7.3271995710023232e-16)      (2.5149760535752111e-16,0.09336079964692523)       (0.1286317991504983,9.0209300391517651e-17)    (1.8233007210400951e-16,-0.074768340784263032)     (0.71434663046996616,-8.1835497895010765e-16)    (-7.7544423674975725e-16,-0.73783081558435204)      (1.0000000000000067,-9.3974945459848443e-17)     (-1.7576795389368063e-16,-1.1693837703509766)     (-0.49384892330147995,3.2613405750862787e-17)     (5.8780833671108179e-17,-0.19698810724234755)     (-0.44072617985702134,2.1076316321106908e-16)
    (3.470346887375705e-16,1.180957646355946e-15)  (-4.0784296793643788e-16,4.6745569789362216e-16)  (-2.3395956413752145e-16,4.1163988613006745e-16)  (-6.6315615790236858e-16,1.6594741690496823e-15)   (1.5289115094701848e-15,1.0019424721126904e-15)   (3.6004469386314748e-16,4.0568766432882069e-16)   (1.3170216225080183e-15,-6.334160540252431e-16)   (1.1373138066553667e-15,5.5351429284075893e-16) (-4.4137155083830358e-16,-6.9241682495240417e-16)  (1.3775513933789155e-15,-1.4574861579891484e-16)     (-0.18182988571788794,-7.892630934915717e-17)     (3.8740511863501091e-17,-0.25435067273110168)     (0.29140452632393521,-5.2283454390316526e-17)     (-2.3904691004093229e-16,-1.0605005653995783)      (-1.1887559104379664,2.2208884109615441e-16)      (-6.1603052709716993e-17,1.1693837703509746)       (1.0000000000000002,9.9607727089353003e-17)     (4.2780177557257738e-17,-0.28471452723983048)     (0.40864171182137332,-2.6634100143318131e-17)      (6.8177105260055081e-17,0.24541982444654989)
 (6.4344263244875479e-16,-3.6876943343394976e-16)  (4.6735863411907589e-16,-4.8531434800494474e-17)   (5.0837234792163589e-16,3.1748063188451738e-16)   (-2.178409701563209e-16,6.7890683396015708e-17)   (3.5800100694357707e-16,1.8751113806956305e-17)  (4.6457444928560161e-16,-2.7725060377162229e-16)  (2.8919621143942102e-16,-1.1782456477279573e-15) (-1.7668281367157542e-16,-7.9532985880023592e-16)  (-6.2791069048629356e-16,3.4220986709526241e-16)  (-4.7638918399102243e-16,-9.624919526761294e-16)      (1.2002294557180601e-16,0.62192230947249705)     (-0.26831740641017066,1.2002318675403394e-16)      (1.5468860265659284e-16,-0.4447428534393591)    (-0.77643255638487296,-3.1065504299220415e-16)     (-2.5560550703833478e-16,0.78551024004814429)      (0.49384892330148616,1.0707450424454376e-16)      (3.4762374194663896e-17,0.28471452723982826)      (0.99999999999999989,3.2548666095553015e-17)     (1.3673864468981612e-16,-0.81395629440549022)      (0.16269176041451808,1.1732002231209777e-17)
    (9.9104525250661684e-16,3.26718497834095e-16) (-2.1478492600416216e-16,-7.4269414609859875e-16)   (2.1043162916105283e-15,2.0093086375610256e-18) (-3.6369929609325561e-16,-7.0233756533103516e-16)   (1.6963859416000236e-17,4.6834012292216721e-16)  (3.1329579879845179e-17,-1.5775248804433986e-16) (-2.2455262928249668e-16,-2.6429842665067435e-16)  (4.5595413318712417e-16,-1.0363521519289623e-15) (-4.2899319233154873e-16,-3.5143901229549474e-17)  (3.1273615423771851e-16,-9.5831916825409414e-16)     (-0.16525243635262027,-1.783819437093281e-16)      (1.7939331093510875e-16,0.33682762123762877)    (-0.67803952630016617,-2.1057348100436267e-16)     (-4.1077304513559297e-16,0.48344072338035149)      (0.19782438594252305,3.3011407679190012e-16)      (1.3219179319417349e-16,0.19698810724234372)     (-0.4086417118213751,-3.8259465251421855e-17)      (4.2987374289689144e-17,0.81395629440548745)     (0.99999999999999789,-1.8365166518503229e-16)      (9.4495551365489305e-18,0.80291441649216133)
  (3.6961675077303051e-16,2.7731898711689061e-16)  (-1.0936614684316706e-15,3.0169906983366505e-16) (-2.6281288532989956e-17,-1.5148261952675155e-15) (-2.9485935271101897e-15,-2.5358888746620525e-16)  (-2.2239820117518991e-16,2.5270858041825569e-15)  (2.5356538562839707e-16,-1.8868200072811958e-16)  (-8.4131608503366695e-16,1.0570379210519814e-15)  (5.1123123217030781e-16,-2.2952024486866076e-16) (-6.2645695923421178e-18,-5.7541038944342111e-16)  (7.4587572705968761e-16,-2.8572973067656661e-16)     (9.5009110164807343e-17,-0.87131768050895664)     (0.84935621493619884,-4.8136367271475173e-17)      (2.0092004959567261e-17,0.42876017590364235)    (-0.79528241579291625,-3.6238823572412331e-16)      (-3.8055404813771585e-16,0.9626297502091421)     (0.44072617985703122,-6.3889600542315457e-17)    (-1.9404329877494131e-17,-0.24541982444654908)    (-0.16269176041450872,-1.0679253955434944e-16)    (-9.6513647643100353e-17,-0.80291441649216833)      (0.99999999999999423,1.2171419236766759e-16)