      (1.0000000000000027,2.7500249719245251e-15)       (-2.074976536411498e-15,1.3631818519971344)     (-0.8641967897691254,-1.7025462037576891e-15)     (-7.7940982790290555e-15,0.90964665857619753)      (0.66983598461177629,8.5497412641069469e-15)     (5.5345910274765725e-17,-0.19522961919091938)      (0.81269778095907996,5.0775469865946803e-15)      (4.5417676124787943e-15,0.36586386258433334)     (0.08483797740159027,-3.4354421197230681e-15)     (5.1045003162379247e-15,0.074153409131136327)  (7.8575329708574902e-16,-2.4302666041900676e-16)   (7.4578123899841707e-16,2.3694726283791107e-15)  (-1.2722337983464504e-15,6.5257429527551469e-16)  (3.7308539903020197e-16,-6.8430314015783048e-16) (-9.6049241285376538e-16,-2.4890890309749995e-16)  (-1.1833923901885228e-16,3.9382948482405209e-16)   (6.2787368759198218e-16,3.9400392694347537e-16)  (4.7682703320247239e-16,-3.7554037320466905e-16)  (1.5335789107114746e-15,-2.6379901888020035e-16) (-2.2764525705758721e-16,-1.2521275323270085e-15)
    (-4.5185102909118515e-16,-1.3631818519971499)        (1.00000000000002,-3.2990476835876545e-16)     (7.1593236040817808e-16,0.090149154324838193)      (1.1500513438197471,-5.0879697979615169e-15)     (-4.9014531717256902e-15,-1.3244394953288305)     (-0.23996303960381243,1.1780751594934761e-15)     (-1.0799470586892353e-15,0.25737935630471054)     (-0.81200557429073106,1.5510061235883759e-15)      (3.2750929487674344e-16,0.27012733336331352)     (-0.84864074332533923,1.7923359141364791e-15) (-3.3388882472579491e-16,-5.7233336055680382e-16)  (1.0827128680444888e-15,-2.6683493789746514e-16)   (2.5649462088914752e-17,1.1087143917030811e-15)  (-1.0869073556138283e-15,3.9957030169332015e-16)   (3.8877002373844595e-16,1.6059335749859076e-15)  (8.8602947046347789e-16,-5.0817981254015769e-17)    (3.33975534683946e-16,-9.6779804986560179e-17)   (9.778706512822391e-17,-3.9355740881540909e-16)  (7.3667686574419535e-17,-3.2073029395917133e-16) (-1.9593446917313808e-16,-1.2719344781100622e-16)
     (0.86419678976915071,1.4443376287132083e-15)    (-1.245736110063573e-15,-0.090149154324800251)     (0.99999999999998734,-6.9686163823584013e-17)       (2.1309640234957546e-15,2.6735611055409674)      (2.7287715344711523,-1.2490718843536043e-15)    (-2.1590085158832109e-15,-0.64085690647511329)      (0.23808343903678231,2.5273818585922692e-15)      (1.1251854990920713e-15,-1.0730109549949951)    (-0.56858010780226387,-2.2230866444864064e-15)     (1.1783499715166465e-15,-0.92460332170951776)  (1.6991981201798295e-15,-7.3779217502306561e-16)   (1.1071591003316669e-15,3.9351770835021645e-15)  (-2.8665709150492133e-15,7.0976288197626321e-16) (-2.1007362188206042e-16,-2.4151414241890579e-15)    (-3.928454199328379e-15,3.066613558431786e-16)  (-4.0010004434941727e-17,2.3607018371322906e-15)    (4.750699374197804e-16,8.7231163087238143e-16)  (1.0665772421705474e-15,-5.7213795728121085e-17)  (1.7216247758151234e-15,-1.1325449771616879e-16) (-6.1104004305140762e-18,-1.4399079730830141e-15)
   (-8.3240803738807425e-16,-0.90964665857619043)     (-1.1500513438197899,-2.1590424000583091e-15)      (4.2267548642477937e-15,-2.6735611055410247)     (0.99999999999993572,-1.5799418090502137e-14)     (-1.4714417417852532e-14,-1.2032166438758489)      (-1.7040601679161733,1.6255318018380716e-15)     (-4.4995504414155867e-15,0.56630488132931223)      (-1.9034272549841706,2.7459400091928571e-15)      (2.6285717288202835e-15,0.57438242852937305)       (-1.1064620414295732,4.706003359914559e-15) (-5.1409516122191112e-16,-1.4554152080880185e-15)   (3.219119191493142e-15,-3.0697142278298302e-16)   (8.4435873863636282e-16,2.2138536410612297e-15) (-3.2135342282304154e-15,-3.5057855460782148e-16)  (-1.6643495144507852e-16,5.1691742456779222e-15)   (3.2340974011990527e-15,6.1168417380881742e-16)  (5.8273726895806954e-16,-1.6366852682526639e-16) (-1.3690113789029141e-16,-4.4977610595940859e-17)  (7.1072991321724656e-16,-1.4199113342644959e-15) (-1.0557461197508657e-15,-2.1581753539552941e-16)
    (-0.66983598461176674,2.5943398360134018e-15)      (-3.7635844294782982e-15,1.3244394953288772)     (-2.7287715344712113,-5.0167641759966989e-15)       (-1.804329569160719e-14,1.2032166438759559)        (1.0000000000000426,1.753520354181129e-14)        (7.242572920250621e-16,1.8984275955629217)      (0.96935547251686027,7.4022575213158004e-15)       (5.5694358483819682e-15,1.6078556267357054)     (0.30553266318175104,-5.2408114461035681e-15)      (7.3785065412676016e-15,0.73265083981596724) (-4.8925077027287061e-16,-2.1423890243351313e-17)  (4.5318480380821174e-16,-9.9860343833758082e-16)  (6.2089780789421923e-16,-3.5008540937384814e-16)  (-4.4090468678663079e-16,2.2135420596705343e-15)   (3.6129407832887932e-15,3.1402038340839606e-16)  (5.8354504649798128e-16,-2.3025461547822115e-15)   (1.9597250467888653e-16,-3.271037027922247e-17)   (6.1563679014530154e-16,2.1562229735718395e-16)    (-4.9918679349515308e-16,-6.5710656659153e-16)  (-3.2257754265284955e-16,1.7127776073687606e-16)
    (-5.6131103569410161e-16,0.19522961919091431)      (0.23996303960382104,6.7879066166476473e-16)     (-9.6027184876453948e-16,0.64085690647512239)      (1.7040601679161704,-2.8198453182760205e-16)      (-7.7747068129010181e-16,-1.898427595562916)      (0.99999999999999689,7.6476271659689718e-16)     (5.6454360988431556e-16,0.076020928700480273)     (-0.26892649190869278,4.4887201648003812e-16)   (-3.5742538916674438e-16,-0.036800120219254336)     (-0.16201287147944837,9.0486491482485254e-16) (-5.1004897061047565e-17,-5.1221600453744687e-17) (-2.9192518105546599e-16,-1.9287139348471975e-17)  (3.2267903718631866e-16,-3.7489042992507477e-17)  (1.7457032816189407e-16,-3.1933778196677044e-16) (-2.1180887584071746e-16,-5.4970180450830054e-16) (-3.3066762219692077e-16,-5.5146259301790258e-17)   (3.2620609888433152e-16,2.9667451083651138e-16)  (7.3041156024588053e-16,-4.5590859087714884e-16)   (2.1090373487088758e-16,4.0890023017472239e-16)  (3.7138824375345563e-16,-2.1714779415219343e-16)
    (-0.81269778095909406,3.0491217316314675e-15)    (-1.6741327513510944e-15,-0.25737935630472919)    (-0.23808343903676724,-1.3123506263579704e-15)    (-9.9274767967241651e-15,-0.56630488132928414)     (-0.96935547251683396,1.0599261341460987e-14)     (1.800929360097698e-15,-0.076020928700474555)        (0.999999999999998,4.5250638423809647e-15)       (5.8536484382889617e-15,1.0004239613016508)     (0.64080963316486561,-3.3095888244272906e-15)       (6.5457320515606363e-15,1.2937835172695926)  (-1.2900585628988151e-17,3.1658531068616062e-16)  (-1.6718132844905079e-16,4.2331038377598823e-16)   (-3.873295002987657e-16,2.4165087413497707e-16)  (-5.044054063633874e-16,-1.4682009956317879e-16)  (-3.0289310725730173e-16,7.8648562601892103e-16)  (9.8692903858677918e-16,-6.2850836067399322e-16)  (5.6026880367298859e-16,-1.3505505193919812e-15) (-8.3890245724138323e-16,-1.0985597569620117e-15)  (5.1159859037452604e-16,-2.1960450775542708e-16) (-2.0808012434164272e-16,-4.1346390018201812e-16)
    (3.7499861375471908e-15,-0.36586386258433584)      (0.81200557429075282,4.7998427022951583e-15)      (-5.1502624907365347e-15,1.0730109549950171)       (1.9034272549841273,9.9989752015650147e-15)      (1.0687072819018111e-14,-1.6078556267356545)      (0.26892649190869905,1.1017149259964822e-15)      (7.6947000495547679e-15,-1.0004239613016477)      (1.0000000000000164,-5.0097602671564684e-15)      (-4.9165754747759903e-15,1.0035009940693165)    (-0.72357523009604618,-6.7085260588308995e-15) (-7.9557899011482934e-16,-9.4741688425443069e-16)   (2.682885636850097e-15,-1.4194915778247904e-15)   (5.4865011324403579e-16,1.6821645340014264e-15)  (-9.9328885862931416e-16,7.7546435236054496e-17)   (1.6047899947485054e-17,1.3592470607811079e-15)   (7.4048434080818776e-16,4.9547494413649159e-16)  (1.1406812134330256e-15,-8.8313189456370023e-16) (-5.5136102691364892e-17,-1.0778107982440934e-15)  (-4.6690736987827877e-16,-1.607857166779969e-15)  (-1.2045443117393362e-15,2.6654585628596271e-16)
  (-0.084837977401614001,-2.5193730807700758e-15)     (1.5919462910481729e-15,-0.27012733336333633)      (0.56858010780227475,1.2422575956533262e-15)      (7.8459062649745959e-15,-0.5743824285293998)    (-0.30553266318177186,-8.4532101238556247e-15)    (-6.5212939792188549e-16,0.036800120219258534)      (-0.64080963316487038,-4.69479942607842e-15)      (-4.5239863215840495e-15,-1.003500994069332)       (1.0000000000000109,3.3689887025652855e-15)     (-5.1563461039844751e-15,0.65055020655312945)   (-6.066818718660121e-16,9.4740258297125002e-17) (-4.2439786079797377e-16,-1.5623179359589252e-15)  (1.0386516940499386e-15,-3.6387469929685127e-16)   (1.0674670553109608e-17,2.6324361887867845e-16)  (4.9233715330108958e-16,-1.1375409484531934e-16) (-1.4712703053020232e-16,-9.0228601772746513e-17)   (-4.4010815265915259e-16,2.333843816836081e-17)    (-1.570856077692232e-16,2.761220705521031e-16)  (-7.0808910127266397e-16,2.4851134346223352e-16)   (1.7798769869071649e-16,8.1307967458180457e-16)
   (3.8024613365235464e-15,-0.074153409131162668)      (0.84864074332536421,3.6394253423247038e-15)     (-3.6814779147559276e-15,0.92460332170952775)       (1.1064620414295854,1.2548535033933856e-14)      (1.321614431161287e-14,-0.73265083981597323)     (0.16201287147944407,-3.2435090686115881e-16)      (7.8150831664540231e-15,-1.2937835172695931)     (0.72357523009606928,-6.3092692597633538e-15)    (-5.1276867415176612e-15,-0.65055020655310825)     (0.99999999999999034,-7.7352744854378619e-15)  (-4.4280087569436864e-16,-6.471096809797641e-16)  (2.2763470851079364e-15,-1.0877006326625671e-15)    (6.445843441922742e-16,1.1958158463059385e-15) (-4.9998982214703612e-16,-6.9035098076460628e-17)   (5.7168194502106919e-18,6.8843603123453944e-16)   (1.3228327039286146e-16,1.6138267296094344e-16)  (5.3202375005573345e-16,-9.5930959554312627e-16) (-7.2365496422604199e-16,-6.2656209578939189e-16)     (-4.6168391621399e-16,-1.644296715743025e-15)  (-1.3503647893914262e-15,3.3786611249630539e-16)
(-1.1136804026230094e-15,-3.7777137280006136e-16)  (3.1683050419805739e-16,-3.9404159614872751e-16)  (-4.0423806494581787e-16,5.0868549384221726e-17)   (3.323988783856315e-16,-1.0732729322339827e-15) (-1.4754864703835099e-15,-5.0313292976621971e-16)   (3.166594032093962e-16,-1.2425610188794381e-16) (-1.3513146224772901e-15,-1.9102053916440658e-16)  (-2.9406987240767181e-16,1.0332046361866782e-15)   (1.0057255140528761e-15,1.6987002547778281e-16)  (-3.3630923993950726e-16,1.3911467003121076e-15)       (1.0000000000000004,1.0431047610831982e-16)     (-8.6264297789124583e-17,0.79740006309412581)     (-0.82929684255481795,1.2242474238558091e-16)     (3.2175959369498366e-16,0.007529096161495219)    (-0.20615023181513925,-2.8147828867717128e-16)    (-3.2345945234771872e-17,-0.09336079964657959)     (0.18182988571804606,-4.0701248282067455e-17)    (-5.6147283769827064e-17,-0.62192230947254601)      (0.16525243635255016,1.0368782191179761e-16)     (-4.8339767682637032e-17,0.87131768050905389)
 (6.3262905495393719e-16,-1.6516339003125503e-15)   (6.3513592126811229e-16,3.1439352755751952e-16)  (-4.5227317703371731e-17,4.7452186892396072e-17)   (3.9897142572882637e-15,1.2434702076842779e-15)  (1.5123861726467128e-15,-4.5340556002041408e-15)    (5.3004795062564044e-16,3.731858937172467e-16)   (8.2139794791806894e-16,-3.119184912645562e-15) (-6.1064400549127424e-16,-3.4499116873072665e-16)  (-7.0615536626480718e-16,1.8547175760395198e-15)  (-2.0930566797346074e-15,-9.063711394028508e-16)    (-1.2129323124721971e-16,-0.79740006309412492)       (1.0000000000000058,1.2796993445609322e-16)      (1.0875357427272881e-17,-1.0224943785305172)     (-0.36301291642794187,6.5604473483323702e-16)     (7.0784646291107867e-16,-0.28676820218280297)     (-0.12863179915116427,2.5999859949902337e-16)      (2.3340558625947218e-16,0.25435067273066392)      (0.26831740640931745,6.0875161629932963e-17)      (1.7333513962425121e-16,-0.3368276212383351)    (-0.84935621493644908,-2.8692180024361406e-16)
   (1.7759052653042835e-15,1.435523295693286e-15)  (-7.1852945562021148e-16,1.0924727075603274e-15)   (-9.2723835992974795e-16,1.049355126523749e-17)  (-2.1275940815774855e-15,9.4767264799590332e-15)   (9.6753028751925013e-15,2.5393821571637156e-15)  (-1.6958154886781618e-16,9.6038397118101482e-16)   (4.9903645794945548e-15,1.6541773495363376e-16)  (8.7781207798899277e-16,-3.0693838786157293e-16) (-3.0201848903065064e-15,-1.3190949847195937e-15)  (1.9605841941078157e-15,-3.0781987592999337e-15)     (0.82929684255482505,-2.1210474501577679e-16)       (-1.8606886527818045e-16,1.022494378530552)      (0.99999999999998634,1.1170564929271953e-17)    (-1.0728138825690284e-15,-0.99854108984140877)     (-0.44431228981069903,1.1496326463384682e-15)     (-4.3656716224987748e-16,0.07476834078299921)       (-0.29140452632309038,4.04221140534308e-16)      (-7.888449621764565e-17,0.44474285343772846)      (0.67803952630152764,2.6630257002530344e-16)     (4.6767009205856246e-16,-0.42876017590415266)
 (6.7027417089279311e-16,-3.5938502462860332e-16)   (3.3334375883274567e-15,1.1506040858081417e-15)  (-1.4240432913322326e-15,5.4089164686668679e-15)   (2.1517841104217787e-14,5.5058183419174861e-15)  (5.1369125819285957e-15,-1.9245129402317553e-14)   (2.2627729484100971e-15,5.9280178950387844e-16)  (9.7709544892154202e-16,-8.9844161881959162e-15)   (4.5177747229453692e-15,7.6842662203020174e-16)   (-1.7067706495433369e-15,3.984056423628354e-15) (-1.8944366750013622e-15,-1.6484408637661145e-15)  (-5.7556563599641968e-16,-0.0075290961615130658)       (0.3630129164280318,6.2486841973340655e-16)      (1.0770760603652928e-16,0.99854108984154877)        (1.0000000000002052,2.941220460673105e-15)     (3.1996959704644587e-15,-0.72240829439627574)     (-0.71434663047242997,1.2031635518681273e-15)       (9.8163564808695226e-16,1.0605005653969939)      (0.77643255638048703,4.2560596812983026e-16)     (9.1269009058897561e-16,-0.48344072338370547)     (0.79528241579186965,-1.3067369541283885e-15)
  (3.4151948676219237e-16,-2.942155886251585e-16)   (1.0632264988995773e-15,-3.576134983284565e-15)    (6.1695895943655501e-15,1.597218505697614e-15)  (5.4260829332129534e-15,-2.0934931177663259e-14) (-1.8131991606200423e-14,-4.9015825650028697e-15)  (6.1525091173033141e-16,-2.0142461692548974e-15) (-8.1946693063480754e-15,-1.0769818353275272e-15)  (1.0630899952637893e-15,-5.2213685402809246e-15)   (3.2360814735745947e-15,1.4380030445121561e-15)  (-1.1816266088052323e-15,8.8986512093510516e-16)      (0.20615023181512157,5.8202453112508517e-16)      (5.9661654371114451e-16,0.28676820218271754)      (0.4443122898108478,-8.4311089814311397e-17)        (2.91519679789698e-15,0.72240829439587562)     (0.99999999999980638,-3.1609154110735302e-15)      (1.1518129933094706e-15,0.73783081558654251)      (1.1887559104354151,-9.3494878444872838e-16)      (4.304887718126823e-16,-0.78551024004391756)    (-0.19782438594569449,-8.8227561849909018e-16)    (-1.2741543165123359e-15,-0.96262975020819819)
 (-1.0378896084860632e-15,-5.351162008754232e-16) (-1.0279009154745154e-15,-6.6357177762665628e-16)  (3.1145772453003705e-17,-1.9662620486226545e-15) (-5.5746328247108003e-15,-1.3686547053675396e-15)   (-1.5322232766221778e-15,4.355045608078127e-15)  (-5.1959090919864991e-17,1.8114982007383445e-16)   (7.9141454815366942e-16,1.2920271583187681e-15)  (-1.9304250047063097e-15,8.1248549438190533e-16)    (5.78993046272606e-16,-1.7915460446310967e-16)  (-6.6043636554418781e-16,1.1711209651598664e-15)      (2.5149760535680798e-16,0.09336079964658843)      (0.12863179915114836,9.0209300391326747e-17)    (1.8233007210335002e-16,-0.074768340783022524)     (0.71434663047236679,-8.1835497894843605e-16)    (-7.7544423674821503e-16,-0.73783081558648012)      (1.0000000000000075,-9.3974945460697257e-17)     (-1.7576795389384313e-16,-1.1693837703503651)     (-0.49384892330069424,3.2613405750641906e-17)     (5.8780833671837086e-17,-0.19698810724187812)      (-0.4407261798569726,2.1076316321133098e-16)
  (7.1491006100994115e-16,1.0132947571801381e-15)  (-3.3508656816040902e-16,8.5681726725174359e-16)  (-7.2428157735964914e-16,3.9269434906573121e-16)   (-4.931889341954256e-16,2.9438698671753071e-15)   (2.8607379183627219e-15,7.5662574092851434e-16)   (3.7737315394395297e-16,2.6655602127799891e-16)  (1.9767467961866213e-15,-8.5020250354154591e-16)  (8.9538072447998509e-16,-5.0594631751144059e-17) (-8.4981169553101145e-16,-5.2279297619384653e-16)  (1.1103352851117026e-15,-8.9807185634252971e-16)     (-0.1818298857180424,-7.8926309349102738e-17)      (3.874051186109546e-17,-0.25435067273065998)     (0.29140452632308356,-5.2283454395310016e-17)     (-2.3904691005266788e-16,-1.0605005653969837)      (-1.1887559104354049,2.2208884110712027e-16)      (-6.1603052707866325e-17,1.1693837703503593)       (1.0000000000000011,9.9607727087583588e-17)     (4.2780177555881964e-17,-0.28471452724010021)     (0.40864171182172282,-2.6634100142885836e-17)      (6.8177105259905987e-17,0.24541982444634741)
 (8.0958705743821557e-17,-1.0612914734441796e-15)  (6.9240354665569689e-16,-1.4736693632375872e-16)   (3.1670997401487561e-16,4.2259389241645265e-16)  (8.9770618508624147e-16,-3.4063057976816174e-16) (-3.5703414346623455e-16,-1.4110338665610923e-15)  (2.9582097581119668e-16,-2.7418961790871859e-16) (-2.6973530978467921e-16,-1.9245209913041147e-15)  (-1.1742497358762822e-15,-1.564643930668989e-17)   (-1.1726877541206687e-16,9.672764841850105e-16) (-1.5552068981636455e-15,-1.5441780543514855e-16)        (1.20022945571354e-16,0.62192230947254834)     (-0.26831740640932178,1.2002318675679811e-16)      (1.5468860265041764e-16,-0.4447428534377269)    (-0.77643255638050279,-3.1065504297731006e-16)     (-2.5560550702434591e-16,0.78551024004393633)      (0.49384892330069863,1.0707450424177644e-16)      (3.4762374192661767e-17,0.28471452724009316)      (0.99999999999999656,3.2548666096846747e-17)      (1.367386446910215e-16,-0.81395629440573336)      (0.16269176041428124,1.1732002231435391e-17)
  (1.3434892533861052e-15,5.4902638418767446e-17)  (-1.3945338044777689e-16,1.2039214994435452e-16)  (7.2256753397927224e-16,-9.0890696097117037e-17)    (-1.8381377239874796e-16,2.03941519359724e-15)   (2.5701422961143725e-15,1.4842671457618105e-16)  (6.4547883324181186e-17,-4.4833868166023345e-16)  (8.1463014835049141e-16,-5.6944843472422064e-16)  (6.4754860440393462e-17,-1.8918230118822129e-15)  (-1.0850076849346163e-15,2.3796467549070814e-16) (-8.7750690956088935e-17,-1.9502997722683902e-15)    (-0.16525243635254672,-1.7838194370942277e-16)      (1.7939331093187758e-16,0.33682762123834031)    (-0.67803952630152853,-2.1057348101148135e-16)     (-4.1077304515252272e-16,0.48344072338371813)       (0.1978243859457085,3.3011407680773256e-16)      (1.3219179319692504e-16,0.19698810724186894)    (-0.40864171182172415,-3.8259465253750572e-17)      (4.2987374287956806e-17,0.81395629440572859)     (0.99999999999999878,-1.8365166518447062e-16)      (9.4495551365015989e-18,0.80291441649203288)
  (4.5741682717676624e-16,7.1647690423746015e-17)  (-7.8165740016967041e-17,2.6617121112159132e-16)   (-3.3894177886133886e-17,2.508255205803762e-16)  (2.3642624814871273e-16,-8.3000919122919793e-17)  (6.9557782065787583e-18,-3.0599989098966058e-16) (-1.0969210707119851e-16,-2.8159567468084627e-16)  (-8.3097451961431895e-16,-4.964919894982781e-19) (-1.8635664961795303e-16,-3.3664287685659771e-16) (-4.1452362463369127e-17,-1.7528122542894365e-17) (-1.6057089386611342e-16,-3.9176978595463026e-16)     (9.5009110164717413e-17,-0.87131768050905412)      (0.84935621493644731,-4.813636726971128e-17)      (2.0092004955746018e-17,0.42876017590411825)    (-0.79528241579191872,-3.6238823571453589e-16)      (-3.8055404812864789e-16,0.9626297502082366)     (0.44072617985698115,-6.3889600543990998e-17)    (-1.9404329878480207e-17,-0.24541982444634769)    (-0.16269176041427258,-1.0679253955386666e-16)    (-9.6513647642784808e-17,-0.80291441649203987)      (0.99999999999999312,1.2171419236745618e-16)