     (1.0000000000000022,-2.4607583092457406e-15)         (5.6915671386073552e-16,1.48348694497344)       (1.0560012932681075,3.6339993234715422e-16)    (-1.0953538935519898e-15,-0.61189157872201272)     (0.71757662083138696,-4.6937343203121363e-16)    (-1.2871851249848393e-16,-0.55909726644229751)       (0.7389070181342865,7.6657478867453153e-16)     (-6.6022646909804398e-16,0.21113521326903018)     (0.33921678636505398,-1.1423541420940133e-16)      (3.9288981477477705e-16,0.59899407136314742) (-2.7144332633681919e-16,-3.3426200382332764e-16)   (1.0538376721416164e-15,9.4614064637714437e-16)   (1.342436380573414e-15,-3.0993424863735787e-15) (-1.9468377790738823e-15,-1.2556037085235619e-15) (-1.3516854817673053e-15,-9.6965614606680418e-16)  (-3.2414728357761134e-15,3.9981477651602935e-16) (-3.0706782647504769e-16,-3.8785545611107381e-15)  (-1.659743696427184e-15,-2.3004268776192548e-17) (-4.5131594635556709e-16,-5.3728020991369141e-17)  (5.0949405369390467e-16,-4.0464671987124506e-16)
     (2.9754285436865693e-15,-1.4834869449734178)      (0.99999999999999145,4.2172381198392477e-15)     (2.9381183821858507e-15,-0.49263864706900012)    (-0.91145026932840734,-3.3366661133673606e-15)      (2.1257712622927079e-15,-0.2418755039957281)    (-0.49735496197703249,-1.7499568921004154e-15)      (3.5555532389624225e-16,0.12179820992869428)    (-0.79997198046932783,-1.4545710717503594e-15)       (1.095871507466211e-15,0.65380580753693707)     (-0.47557147563172864,1.5993267767031977e-15)  (2.1566786601862868e-16,-1.1147955405673542e-16)  (-2.0345705917812721e-15,1.1222895385321512e-15)  (-5.2575867408981498e-16,3.7180167642320157e-15)   (4.4782764905302586e-15,1.7711152161290906e-15)  (-2.2323142081471663e-15,9.1023227597995909e-16)   (1.1593453338617071e-15,4.2918082558891095e-15)  (-3.0060056149409949e-15,1.6915943870981992e-15)    (1.780147093166909e-15,3.8093499683020182e-16)   (2.2877626475523345e-15,1.6887009450260417e-15)   (-1.762916140523241e-15,2.0983960652278383e-15)
     (-1.0560012932680853,-2.285648616877249e-15)      (3.3210445746836005e-15,0.49263864706900951)      (1.0000000000000013,-2.0234100506824099e-15)      (-2.2880682881324148e-15,1.2595073815554572)    (-0.35410200540799142,-1.1484216268070298e-15)     (-8.1438803041656093e-16,0.57387232613957684)    (0.082328398142557824,-1.2222968637075831e-17)      (-9.039969175874445e-16,0.53608333724538415)     (0.63224548730878716,-9.2051279349498822e-16)      (1.2756541149952291e-15,0.44863437977578102)  (-6.5042147765705684e-17,-3.699645973801639e-17)   (5.7834808996127163e-16,1.4761185330307944e-15)  (2.8265013016965572e-15,-2.3589186601428701e-16)  (9.4736787483537719e-16,-3.5381944050715304e-15)   (6.8396582235889084e-16,1.5774614168512246e-15)  (1.8087019437386824e-15,-4.9638149115255479e-16)   (1.0153363550120399e-15,1.1264750648020687e-15)  (3.3056440563131472e-16,-1.2689004730486189e-15)  (1.3423201530050765e-15,-6.4872634331113445e-16)   (7.0064178259599052e-16,1.4227273683514146e-15)
    (-7.0690619070592626e-16,0.61189157872201128)     (0.91145026932842266,-1.2314364562250018e-15)     (-5.3693750895448592e-16,-1.2595073815554751)       (1.0000000000000031,6.6071446640901447e-16)      (5.5143370935085769e-17,0.33350205721974857)      (0.35352553472571041,2.6151786489008687e-16)   (-1.0377806588680508e-16,-0.077978436288751091)      (0.32660368976968995,1.7123009014913283e-16) (-3.4342759737081489e-16,-0.00020006828445080305)    (-0.12523016391431191,-4.5308758086816655e-16)  (-5.5421523280256941e-17,3.8322610722190265e-16)   (1.2980616494585016e-15,3.4943955047586491e-17) (-3.4643768520201247e-16,-1.7520102885503127e-15) (-1.7912179356480894e-15,-2.6550937414166487e-16)  (8.1514481421218571e-16,-5.5184228455346912e-16) (-1.5728291122076125e-16,-2.1316419011845322e-16)  (-9.8977318042372611e-17,6.5858014022204356e-17) (-1.7708821762964723e-16,-1.1248432874261707e-16)  (4.0117928248059054e-16,-1.0752269722079377e-15)   (9.0965550444005656e-16,2.0077044162173732e-16)
   (-0.71757662083137685,-1.1660284450489922e-15)      (2.6850089827575406e-15,0.24187550399573948)     (0.35410200540800479,-2.0867156553370323e-15)     (-1.3195887937219318e-15,-0.3335020572197519)      (1.0000000000000027,-1.3405998838773047e-15)        (-1.54691197275136e-15,1.0192972658707895)    (-0.37898451849710735,-5.9536210852429594e-16)     (-7.6214234807332613e-16,0.75685131714027953)    (-0.21387968128882195,-7.1298196346006427e-16)     (7.3152951801849299e-16,-0.21945395536744861)  (-3.3447685006839467e-16,3.1673772835062843e-17)   (9.9770354873708474e-18,2.0655486644064958e-15)   (3.0819771411731925e-15,-2.132534138384704e-16)   (3.096140577541043e-16,-3.2426256083014464e-15)    (1.881939572103971e-15,9.3583226836400469e-16)  (1.1352946320107231e-16,-1.3514928136939198e-15)   (9.575072182315448e-16,-4.2135122891473665e-16) (-2.7670538081106552e-16,-6.2722724598922787e-16)  (1.6106552663017563e-15,-2.4677005800951131e-16)    (3.2404313701193991e-16,1.418447661207513e-15)
     (1.3807727533548732e-15,0.55909726644229196)     (0.49735496197704721,-5.7350675656789726e-17)    (-2.0734432788208827e-16,-0.57387232613959505)     (-0.35352553472571513,3.0675348120651056e-16)     (-9.3112098965765079e-16,-1.0192972658708026)                        (1,2.9891789573891903e-16)     (-2.0218618003744894e-17,0.38136644040931067)     (0.67581682077688576,-3.9136034773922409e-16)      (-1.309378181827612e-16,0.17685176271936565)     (-0.16891525822056253,1.8394783807362352e-16) (-2.8112674811273596e-17,-1.9171744000738724e-16)   (4.7351543122376612e-16,5.5508792133797169e-16)  (1.1905689900385778e-16,-1.7151352839819929e-15) (-2.4895047219601062e-15,-5.9783591753109592e-16)  (3.3000523206274908e-16,-1.9710903364145288e-15)  (-1.4108672813798081e-15,5.5015323687440913e-16) (-8.8371197925487902e-16,-9.7823318121183426e-16)  (-7.4745420229926525e-16,3.4072670612628129e-16)  (4.5910472916015407e-16,-2.9721505902510422e-16)   (5.3515822042243909e-16,2.5142673591918233e-16)
     (-0.7389070181342785,1.4551499872646968e-15)     (1.3355620877270957e-16,-0.12179820992867441)   (-0.082328398142539172,-4.6851690993742019e-16)     (-1.094954193215701e-16,0.077978436288739461)     (0.37898451849712189,-5.3962155829804245e-16)     (1.5402828897654308e-16,-0.38136644040931317)       (1.0000000000000024,3.3308850442831361e-16)       (7.7723417902864741e-16,1.2762701621896677)     (-0.51411999065931591,1.3707794861139085e-16)    (-2.9274933138911621e-16,-0.40680318865451248)    (7.6703212773313145e-17,-4.86258092950614e-17)  (-3.4750463351032629e-16,6.1288250302153779e-16)   (1.6356301276355954e-15,7.8288084381354576e-16)  (1.0199832533486387e-15,-2.1507423140079714e-15)   (1.8218039882037533e-15,7.2953756112832517e-16)  (1.0353321287554652e-15,-9.6574709947377031e-16)    (3.152180969811129e-16,6.5429967083183456e-16)  (1.3067675622774266e-16,-2.6017713082282762e-16)  (3.4640136693124353e-16,-3.4946121344534738e-17)    (4.6381120512676336e-17,5.156273716263919e-16)
   (-7.7477575450797987e-16,-0.21113521326902887)     (0.79997198046933937,-3.8177521755689121e-16)     (4.9322046381126833e-17,-0.53608333724539758)     (-0.32660368976969389,8.6877090379479088e-16)    (-5.5122150383275884e-16,-0.75685131714028864)     (-0.67581682077689342,4.7057153413055123e-16)       (5.4826800602481245e-16,-1.276270162189677)     (0.99999999999999845,-1.4812981883549333e-16)     (1.4123927600785977e-16,-0.51921129672222244)      (0.77451902589229304,9.2576076780850668e-18)   (1.6270166366442512e-17,1.2198056925092801e-16)   (7.860709132413139e-16,-2.3443667373567974e-16) (-9.3881227831758012e-16,-1.6359629887864828e-15)  (-2.1736737794743534e-15,3.2827544543675197e-16)  (3.2314870319269992e-18,-6.3436558452296802e-16)  (-1.9304821197010968e-16,1.2365789212963078e-15) (-1.3941308204422053e-15,-2.4879787906154031e-16)  (-1.9101119539539178e-16,4.7561132118394573e-16)  (1.4076144323250121e-16,-1.4406599953798776e-17)  (4.6847715410334657e-17,-8.1031084088617419e-18)
   (-0.33921678636503738,-1.0601078037456628e-15)     (2.5185077665557579e-15,-0.65380580753692097)    (-0.63224548730877617,-2.1457190645428163e-15)  (-1.6809341824560406e-15,0.00020006828443858149)     (0.21387968128882728,-1.7526062003547569e-15)    (-1.9931347688775346e-16,-0.17685176271937247)      (0.51411999065931868,4.3681394252418112e-16)       (-1.18789987564708e-16,0.51921129672221045)        (1.0000000000000011,2.730279907656037e-16)      (-2.7443605419665965e-17,1.0471615476708678)  (-8.4839625479713971e-16,1.6845123535902281e-16)   (1.2379194131269408e-15,2.3420187937366104e-15)  (2.7014693440982636e-15,-3.1409815296142452e-16)  (2.6312838543651253e-16,-2.4163408817619744e-15)   (4.8102662224590244e-16,1.2470235449568647e-15)   (2.077744207691829e-15,-6.5014451712297372e-16)   (3.3033854492165509e-16,1.2057972840545949e-15)  (2.3548600465189317e-17,-2.2303662972098501e-16)  (1.3812958555877094e-15,-1.7554147797363112e-15)   (1.4028512636368824e-15,9.1343472912214086e-16)
    (1.4705593416089537e-15,-0.59899407136312877)      (0.47557147563171048,2.7137893701751172e-15)     (2.1694824178784062e-15,-0.44863437977576798)     (0.12523016391432318,-1.7697760907623765e-15)      (1.7665805188154578e-15,0.21945395536745527)     (0.16891525822057002,-1.5278487750005561e-16)     (-1.8547887158323537e-16,0.40680318865451592)    (-0.77451902589228139,-5.6066647138764769e-16)      (-5.234952477022162e-17,-1.0471615476708651)      (0.99999999999999711,1.8991114135127352e-16) (-8.4321010766303796e-17,-8.9128537544962506e-16)   (-2.4334601914139739e-15,1.386016565073933e-15)   (9.3909360856138058e-16,2.7525645253943704e-15)  (2.3566839133185145e-15,-2.2053929455650512e-16)   (-9.3756495015856586e-16,1.619925621547377e-16)   (5.3109622187588775e-16,1.2872570871290213e-15)  (-3.5041456843524319e-16,1.5931944033717068e-16)  (1.3298222431210741e-16,-2.9339449647533378e-16)   (1.6099781911547769e-15,1.2630560237528823e-15)  (-8.0134574937670154e-16,1.3666779918039528e-15)
 (-7.7072182609890779e-16,6.8478147561598341e-16)   (-1.5916689937746587e-15,-8.53123843125265e-16)   (-6.0228616980369243e-16,1.176854044071604e-15)    (6.114286891685548e-16,2.9470904967825419e-16)  (-1.5769888584641263e-16,8.2629747672557456e-16)     (9.715877079977236e-16,2.969196133386094e-16)  (-1.2265473725513685e-16,1.0994341254798371e-15)  (-4.4022177580359639e-16,1.2148983152330969e-16)  (-4.0312833961077939e-16,1.0554479288841466e-16) (-3.2680323424964765e-16,-5.4581097367793293e-16)      (1.0000000000000049,-2.4308200996573763e-16)     (5.3385462663756908e-16,-0.50630307002621233)     (-0.2997775751627394,-9.8912177784181704e-16)     (-7.7948010926209219e-16,0.08609396077580711)     (-0.017396597614636189,5.485159353684246e-16)       (4.267416234434887e-17,0.23781317055894258)    (-0.16700327219979139,-4.9470376572029444e-16)     (-7.2013611634640108e-16,0.23753678744467988)     (0.94304828100660076,-2.8288448634841587e-16)       (5.0006883184425175e-16,1.2769751724573255)
 (-1.6612117838383642e-16,8.1734292427680353e-16)  (-3.5948188615640182e-15,2.9425181337625611e-15)     (2.87879190186467e-15,3.2835694475249102e-15)  (1.1332636288226045e-15,-3.8613522458473807e-16)   (1.4219057769031481e-15,2.3288629979141958e-15)  (-6.8664428220861773e-16,3.7699939174879549e-16)   (2.4344979825820269e-16,3.1305990428228214e-16) (-1.2728316162567291e-16,-3.2589340527764831e-16)   (-3.092481587126877e-16,1.0744216026564697e-16) (-2.8287086288583625e-16,-5.0399150046686066e-16)      (4.4834205073130939e-16,0.50630307002622832)       (1.0000000000000422,-8.738296993175511e-16)     (-8.7852476716496669e-16,-1.0230283416482502)     (-0.77995355331132332,3.4332955898838783e-16)      (4.6237661432639557e-17,0.53626818494709338)     (0.038984345630190265,4.9361603496291382e-16)     (4.1432013772429314e-16,-0.17089547064146116)    (-0.25645570919179805,-1.4062000508014886e-16)    (-2.5111581573674401e-17,-0.23676764220064628)     (0.012676415136644748,4.8597822718425367e-17)
  (1.1094758740785552e-16,1.8437225282509142e-16)   (1.3507312831225445e-15,4.0005055323716038e-15)  (3.8885191204433884e-15,-2.3100878264905503e-15)  (-1.3300882354974744e-16,-9.880516004359384e-16)  (2.7008268352236302e-15,-1.3092711753039346e-15)    (5.755997341846296e-16,7.8402266992866881e-16)    (3.561465220513262e-16,4.8803559972378819e-16)  (-9.6348155513074122e-16,4.7125550977103126e-16)   (1.1460053364189848e-16,8.5582912969304367e-16)  (-9.8974590669653837e-16,1.7124919092254593e-16)     (0.29977757516277093,-4.6809424305324758e-16)      (-4.7637174683353991e-16,1.0230283416481449)      (0.99999999999994094,2.0334398474327857e-16)     (-3.3943329626109658e-16,0.54160483596850917)      (0.83453275344503708,4.9392509683801092e-16)    (5.9660964565286317e-16,-0.097575834224671892)     (0.22221847883950119,-7.9808066845432894e-16)    (-6.3372500431847995e-16,-0.40361465464865631)       (1.072806563519157,-8.7537681000090701e-17)       (2.2208814874832778e-16,1.2141902244395226)
 (-3.9850577140952662e-16,3.2796268488401242e-17)  (2.6598872237852098e-15,-1.3725303415589187e-15)  (-1.9828957455155521e-15,-2.627376767409546e-15)  (-8.0645014840018564e-16,7.3284808829080389e-16) (-1.6378420771511427e-15,-2.0826627059172702e-15)   (-1.1643386540676301e-16,8.663529947403857e-16) (-7.3692017137851798e-16,-9.3880029153221256e-16)    (7.5255839704410983e-17,1.587136874449651e-15) (-1.9125982147287816e-16,-3.4472067180758216e-16)  (3.2672732081713938e-16,-6.5427898509087149e-17)   (-1.9458169446128865e-16,-0.086093960775818434)      (0.77995355331124872,9.6179213597511866e-17)    (-9.3652759272071253e-17,-0.54160483596839404)       (1.0000000000000624,3.1062457489270848e-16)      (3.3563654661962689e-16,-1.1978503005190797)    (-0.19891165685996742,-2.6438496033729431e-16)   (-4.4010503060199797e-16,-0.058434875614134407)     (-0.17353388001523395,4.0665405744051996e-16)    (-4.0860548316413191e-17,-0.71030635937786302)       (0.75202107289204001,-1.16798091435645e-16)
 (4.3844134110631809e-16,-4.1739424097666767e-16)  (1.3888356660491301e-15,-1.9445534346796473e-16) (-1.7703678754450083e-16,-1.2538548937655376e-15) (-1.1129870114871209e-15,-3.8539941897166027e-16)  (1.0017817184593325e-16,-1.6030579795680395e-15)   (-1.81726497087035e-15,-1.1325204022738549e-15)  (6.9193367100370275e-16,-1.7952953794180501e-15) (-1.2323299249493576e-15,-1.4447658065708973e-15)  (5.6097508460547803e-16,-8.8950004524183118e-16)   (7.4486177185748711e-16,4.0468000038830584e-16)     (0.017396597614636633,9.6075696377178736e-17)    (-1.2164915649812818e-17,-0.53626818494710737)     (-0.83453275344509303,1.4072485812474703e-16)       (2.1806542013829688e-16,1.1978503005191694)     (0.99999999999996469,-2.0492972852453617e-16)    (-1.1304463915265616e-16,0.023595017953355196)      (0.19780922501183384,2.4179070998530791e-16)    (2.5238631625060083e-16,-0.056320275414682319)     (-0.40296455040069556,2.4553576598639194e-17)     (-7.692457229642641e-17,-0.41484799175613657)
 (-1.2002578627772853e-16,8.3793163983321537e-17)   (1.1044959771846608e-16,2.5459046014592583e-16)  (6.2756506227723254e-18,-2.5523878019206476e-16)  (-3.9426134127050306e-17,1.7359660277050328e-16) (-3.8172596641344146e-16,-2.4667073130536954e-16)  (-3.2983885500661702e-16,4.2981852934117238e-16) (-3.5772029981112596e-16,-2.7432721530229029e-16)  (-4.9078568266048726e-16,4.2702659115055203e-16) (-1.7343257916522706e-17,-4.8932758453396627e-16)  (3.7515171655703815e-16,-1.0021163779723589e-17)        (1.73150307837312e-16,-0.2378131705589529)    (-0.03898434563020059,-1.4328046345850818e-16)    (-1.0399679340654801e-16,0.097575834224685964)       (0.19891165685999346,1.259712368980397e-16)    (1.0209168727729859e-16,-0.023595017953322306)      (1.0000000000000049,-1.5898016284464406e-18)       (8.438223376177966e-18,-1.3782529297851815)     (-1.0065788306720607,-1.4538262289540739e-17)     (4.7078283258913558e-17,-0.44130073966521999)      (0.32660951568108643,1.2997965784200755e-16)
  (4.0287323904596719e-17,2.3763852523534947e-16)  (-9.2252439563924382e-16,9.0756329960365744e-16)   (9.9210149751851044e-16,4.2596809569942187e-16)   (6.5694158266626988e-16,1.6393927593827411e-16)   (3.0997533993365079e-16,4.4349005560512536e-16)  (5.1498205809892249e-16,-1.5180527568788618e-16)   (3.9716844262674489e-16,3.3348434626555383e-16) (-5.6840051664601767e-16,-3.7331181178388333e-17)   (4.9132227947162713e-17,2.0919175844761505e-16)   (-3.4858126585541434e-16,2.107220647642237e-17)      (0.16700327219980871,1.7057613037900153e-17)      (2.1996269978756398e-16,0.17089547064144983)      (-0.22221847883950122,-4.00803175859188e-16)    (-5.3835206906096836e-16,0.058434875614156154)     (-0.19780922501183829,4.6436595903330729e-16)       (1.1085205589942592e-16,1.3782529297851742)      (1.0000000000000091,-2.5244305806128524e-16)    (-2.9755251039191183e-16,-0.33774907009618538)      (1.3175984360591406,-4.3765905832338646e-17)      (5.6397147800601769e-17,0.89788073388288914)
  (6.8992303409239366e-16,1.9022315335596426e-16)    (9.195042302103388e-16,1.4173852692875419e-15)  (8.0884118006479835e-16,-1.0785302269268107e-15)  (5.0621635303255293e-16,-1.1141777230813364e-15)   (8.8937314052365131e-16,-1.797774463274198e-16)   (4.0060134696828684e-16,-1.217936564654998e-15)  (7.1940496622632324e-16,-1.4946166300538962e-16)    (2.1265682360886782e-16,6.159290012812607e-16)    (3.7666658553215343e-16,-4.48771447565786e-17)  (-1.0002988582768015e-17,6.4536853308796598e-16)     (3.4558040155007886e-17,-0.23753678744470985)     (0.25645570919178295,-3.5636654516718481e-16)     (-6.3785723699266697e-16,0.40361465464864432)      (0.17353388001524572,8.4667308011587898e-16)     (7.3350853897261786e-16,0.056320275414680321)      (1.0065788306720442,-2.0655125219261615e-16)     (-4.5219145485247797e-16,0.33774907009615118)      (0.99999999999997113,5.1224398284870678e-16)     (-6.9679244419514453e-17,-2.0453253090619841)       (1.552689945177141,-8.0706153278492104e-17)
 (3.4930824854409219e-16,-4.8586943506218536e-16)    (1.995745994409245e-15,1.5485186523855126e-15)  (1.3076135879035691e-15,-1.7973436084412285e-15) (-1.7489696538588935e-16,-9.4001150075934626e-16)   (1.6229824291025064e-15,-8.294048513246248e-16)   (8.4170752442885886e-16,1.0255804452925723e-15) (-2.6116251578708718e-16,-2.4847752969285079e-17)  (-1.2607472310250572e-15,4.2413848994933077e-16)  (-8.2197664210834339e-16,-1.530910577597428e-16) (-9.5827066814510596e-17,-6.7431867506958515e-16)     (-0.9430482810066031,-8.6444855663151851e-16)     (-6.4404467375222237e-16,0.23676764220059243)      (-1.0728065635192432,3.2494175067807662e-16)      (1.9202279895057844e-16,0.71030635937792197)     (0.40296455040068957,-5.2319727963193564e-17)      (3.7864443309891046e-16,0.44130073966522931)     (-1.3175984360591637,-6.1892155057248733e-16)      (-5.5784916873316446e-16,2.0453253090620178)      (0.99999999999998734,-2.723277450628762e-16)    (6.3764291859788189e-16,0.0020144108960313822)
(-4.0927139697250467e-16,-2.4196279334876452e-16)  (-1.1439803627131215e-15,1.3768231600983737e-15)    (1.400879351013202e-15,1.1333253928040054e-15)    (6.4429448961522614e-16,6.737776926909072e-17)   (6.2833979969320835e-16,1.4600371549172239e-15)  (-1.1968364199659707e-15,1.1147428905575493e-15) (-4.7517736402268697e-16,-3.6584252160554216e-16) (-5.6863110275602572e-16,-1.4169194415476878e-15)  (2.0259637945881345e-16,-9.1229033745771806e-16)  (8.5856581907145197e-16,-3.0826757386656921e-16)      (8.7461189983208423e-16,-1.2769751724573146)   (-0.012676415136598895,-2.3430906151480278e-16)      (3.2785773973729589e-16,-1.2141902244395828)    (-0.75202107289209108,-3.8725388839178588e-16)     (-3.7676746865419045e-16,0.41484799175612663)     (-0.32660951568108837,4.1228737875199036e-16)      (9.0388979739363179e-16,-0.8978807338828938)     (-1.5526899451771419,-9.6741339771317887e-16)   (3.9369464523667493e-16,-0.0020144108960637452)       (1.0000000000000124,8.2198951617228996e-16)