     (1.0000000000000051,-3.1326805353854242e-15)       (1.1140285316942586e-17,1.4834869466869436)       (1.0560012951737434,6.0676466562358939e-16)      (-1.1127238881591976e-15,-0.611891578606651)     (0.71757662079960449,-2.4203844295104007e-16)     (2.8841719348982655e-17,-0.55909726929215653)      (0.73890702051249058,5.3236435320830425e-16)     (-1.2033291255975558e-15,0.21113521173043703)      (0.33921678436540509,3.2493204973433606e-17)      (4.7833655137896005e-16,0.59899406905448149) (-2.3369377904877591e-16,-8.5059851065972628e-16)   (2.1093967209752574e-15,7.7097458025858619e-16)  (9.3147501224514193e-16,-1.6994559256005008e-15) (-1.2161145115114835e-15,-7.3359352341177324e-16)  (-1.659823971440906e-15,-1.3676701544729261e-15)  (-1.5725367747324301e-15,1.5543279214519968e-16)  (1.8147283637170571e-16,-3.3136843470468454e-15) (-3.3614205501206728e-15,-4.1826254387088381e-16) (-2.2731539000516542e-16,-3.9417587406711777e-15)  (3.7485293249625941e-15,-2.1761093759544056e-16)
     (3.5678248635346975e-15,-1.4834869466869249)      (0.99999999999998157,4.8716773601744897e-15)     (3.4058884318917659e-15,-0.49263864602723023)    (-0.91145027503329523,-3.5345665726535774e-15)     (2.8908190972945906e-15,-0.24187551223034198)    (-0.49735495603302837,-2.4758680245591629e-15)      (1.4590312574148193e-15,0.12179821318500761)    (-0.79997198047915341,-2.7441107694034383e-15)      (1.8069333426469444e-15,0.65380579352435042)     (-0.47557146113608739,2.0694261974495224e-15)  (-1.6297436032873132e-16,-1.169975460645163e-16)  (-8.4485190560876432e-16,-6.037697423855769e-16)  (-7.5872627820822264e-16,1.1871277117555232e-15)   (1.1016107214497461e-15,3.2172472776875281e-15) (-4.2953259901113701e-15,-1.9619627730639866e-15)  (-5.9751347267579715e-16,3.1322095400926515e-15)  (-2.6808538661164854e-15,1.1874774677944086e-16)   (6.5277248345739759e-16,2.2924698012101876e-15)  (-2.3733581931820976e-15,1.2922680308681165e-16) (-2.1827642907094029e-16,-1.9285403878438131e-15)
    (-1.0560012951737263,-3.3371160582354073e-15)      (3.4703832287673496e-15,0.49263864602725194)      (1.0000000000000033,-2.5617631078992629e-15)      (-2.7752566317969225e-15,1.2595073878299046)    (-0.35410201454663592,-2.2445264892147864e-15)     (-1.9706148497226024e-15,0.57387232126171395)    (0.082328400318123357,-9.1190204219131135e-16)     (-2.2444408571404574e-15,0.53608333819173337)     (0.63224547294069522,-1.1967686479660414e-15)      (1.5744657806242017e-15,0.44863436505834176)  (1.8812848231732273e-17,-4.1704096024906152e-17)  (-3.2893695550994171e-16,3.5574320779961997e-16)    (4.471457097440497e-16,9.8109744544126332e-16)   (2.855896237214968e-15,-3.2043367763895597e-16)  (-1.9291242251597097e-15,3.2781857095309115e-15)   (1.8840764986724334e-15,5.3749381325619929e-16)   (2.7284178265793941e-16,1.2247181676842012e-15)    (9.6914295091838641e-16,-6.25729719900277e-16)  (-4.8145575752027817e-17,1.0830057463699558e-15)  (-8.8144058049818881e-16,4.8134396206425742e-17)
    (-1.5706897229644805e-15,0.61189157860665255)     (0.91145027503331755,-1.0714411388804718e-15)     (-8.5688649457840122e-16,-1.2595073878299241)       (1.0000000000000033,1.0496151484774716e-15)     (-7.6599524017767129e-16,0.33350205677119998)      (0.35352552563762302,1.1643962185084297e-15)   (-5.4645007260167532e-16,-0.077978443987404777)      (0.32660368464645756,1.0183774204627125e-15) (-3.2580284828028911e-16,-0.00020006257026705971)     (-0.1252301706248076,-5.4971536325990521e-16)   (-2.078881269935689e-16,2.7872172704041497e-16)   (6.1066083624015284e-16,3.0975875212419397e-16)  (8.5047085039387908e-16,-2.9654370099346865e-16)  (2.0518996703902644e-16,-1.7094674863888731e-15)    (1.793896005320383e-15,1.0004833525687368e-15)  (1.1889368557069183e-16,-7.5837013257760637e-16)    (1.3366085967093942e-16,1.011028440415262e-16) (-1.3021681844322142e-17,-2.0821363956245477e-17)  (3.6237930123968344e-16,-2.4790201673824665e-16)   (9.5178889511612765e-17,2.5756977473502675e-16)
   (-0.71757662079959661,-2.2405126991128558e-15)      (2.0270668054339924e-15,0.24187551223036294)     (0.35410201454665036,-1.7002910185979698e-15)    (-1.1931613633082219e-15,-0.33350205677120004)      (1.0000000000000029,-1.3367044546676038e-15)      (-1.6250144354527816e-15,1.0192972522854096)     (-0.37898450712860604,-1.059215656601423e-15)      (-1.782067869570151e-15,0.75685130974603421)     (-0.2138796906386099,-7.4991154732454048e-16)      (8.901474510147987e-16,-0.21945396619332302) (-5.1634521852645109e-16,-1.8176652375044001e-16)  (-2.3280478998064853e-16,3.2384861537904548e-16)  (-7.2860262319617997e-16,1.0479771656962422e-15)   (1.8378323678916514e-15,1.6472580929414835e-15)  (-2.3189978291635349e-15,1.9428993297441844e-15)   (6.4384398676846118e-16,1.8607728596155983e-15) (-1.8116257386142504e-15,-1.9454582255992536e-16)  (-3.5571486856653987e-16,9.1415177530129177e-16)  (1.9782910904035511e-16,-1.9142653576267691e-16)  (1.7213231302375145e-16,-7.3752952073537778e-17)
     (2.6871328024643047e-16,0.55909726929216197)       (0.49735495603303781,6.931674184817479e-16)     (1.8777803526735169e-16,-0.57387232126172172)     (-0.35352552563761841,2.1292525577188241e-16)     (-9.2942941733924228e-16,-1.0192972522854133)       (1.0000000000000058,3.9368854344331529e-16)     (-4.1965699176149164e-16,0.38136644324322566)      (0.67581682613048699,5.8788067198574145e-16)     (-8.2367036341674449e-17,0.17685177908821892)     (-0.16891527432087389,6.2558436439462361e-17) (-3.1571473193606552e-16,-1.9585139810148076e-17)  (-1.2046037466488905e-15,5.9410029520118623e-16)   (1.5089764746410905e-15,1.9606552665004646e-15)  (2.2241301252167783e-15,-2.1195890692595763e-15)    (1.181783112797746e-15,2.0649583597540425e-15)   (1.6364954180849641e-15,-2.141818174845067e-16)  (-5.8017878569596555e-16,1.6196147580410472e-15)   (6.8084278031572711e-16,6.9681651603433153e-16)  (-1.3602946518881628e-16,1.0146382570671128e-15) (-8.5755091601710571e-16,-1.4628144066705311e-16)
    (-0.73890702051248947,5.6686677856925547e-16)     (1.7700129426726189e-16,-0.12179821318499251)   (-0.082328400318112838,-3.6175267318943675e-16)     (1.7438168500225218e-17,0.077978443987399726)     (0.37898450712861242,-6.6616267299816534e-16)     (3.1425186054081739e-17,-0.38136644324321972)      (0.99999999999999833,-6.799846218824229e-16)       (-6.127283175016644e-16,1.2762701651272548)    (-0.51412000630747134,-4.3338297728642992e-16)     (1.5799920181050199e-16,-0.40680320438585504)  (1.1298712232586567e-16,-4.6561143299127834e-17)  (-1.1437585951580922e-15,-4.969945071950451e-16)   (-7.564268444078543e-16,1.8892892296121413e-15)   (2.7209206004929859e-15,1.0238775195338582e-15)  (-7.5339609914471768e-16,2.2290514610734795e-15)   (1.1345517930931441e-15,1.9218139683497373e-16)     (-4.79931246308402e-16,7.340255001083704e-16)   (6.3375309878357878e-16,2.8495776234926269e-16)  (-7.2757133391805978e-16,1.3651611495007332e-15) (-1.2378318622114093e-15,-5.7642574527261431e-16)
   (-1.8571868874700894e-15,-0.21113521173043251)     (0.79997198047915452,-2.4604056767090104e-16)     (1.3606636319038831e-16,-0.53608333819173315)     (-0.32660368464645329,8.7042043640680205e-16)    (-5.8189168254323329e-16,-0.75685130974603343)     (-0.67581682613048644,5.2790290474628974e-16)      (-5.3541136271048614e-16,-1.276270165127259)       (1.0000000000000013,1.3676589480995757e-15)      (-2.98105086840017e-16,-0.51921128412849082)     (0.77451901286304103,-4.6837663633827703e-16)  (-2.8349556432053436e-16,7.2707886810221935e-17) (-1.2953932466350216e-16,-2.3420356672232858e-16)   (7.3206503410242005e-16,3.5536013123383949e-16)   (4.5747596103819975e-16,-1.412748854251013e-15)   (9.3117759579758799e-16,1.4349076912934683e-15)   (5.1730887975693847e-16,1.8611009493049599e-16)  (-1.0004989619859512e-15,5.8653453896388766e-17)  (-1.0774262122087109e-17,1.0750141596625988e-15)   (-1.037795291214302e-15,6.5734140509434016e-16) (-6.5818819427890154e-16,-8.9848663042651258e-16)
   (-0.33921678436539471,-1.3316286310644504e-15)      (3.0377998613067077e-15,-0.6538057935243351)    (-0.63224547294068545,-2.3591166776405077e-15)    (-1.700500782687327e-15,0.0002000625702568426)     (0.21387969063861501,-1.9000599077084951e-15)    (-2.8941610426141615e-16,-0.17685177908822361)      (0.5141200063074729,-4.2262732528544578e-16)      (-1.001523793897958e-15,0.51921128412848216)     (0.99999999999999989,-3.1940539423997811e-16)       (3.8877352126871707e-16,1.0471615457075281)  (-8.6729973440352152e-16,3.5415642483808953e-16)   (4.0770090269427133e-16,1.7931957255040056e-15)  (1.5250900784835276e-15,-1.9853316496747045e-16)   (9.580705065256784e-16,-8.6391937751511039e-16)   (-8.455521638520584e-16,2.2373790432663672e-15)   (1.5272855012594374e-15,2.2676188459648287e-16)   (-4.4971233652135567e-16,1.048575816420588e-15)   (9.3053330722557852e-16,2.9680312570657309e-16)   (7.3271727362178013e-16,4.5707487637714846e-16)   (-5.0781374673073319e-16,2.632402582162694e-16)
    (1.7332468783902805e-15,-0.59899406905446906)       (0.4755714611360683,2.6634562539983502e-15)     (1.9039846034036372e-15,-0.44863436505832888)     (0.12523017062481667,-1.5034712074796349e-15)      (1.5922612978971518e-15,0.21945396619332969)      (0.16891527432087727,3.8346108188029328e-17)      (1.2575057846261069e-16,0.40680320438585549)    (-0.77451901286303382,-1.0146635292895361e-15)      (2.2025129214786328e-16,-1.0471615457075281)      (0.99999999999999933,3.4789811384310268e-16) (-1.7082276486123639e-16,-9.0534658232734895e-16)   (-1.876593811739481e-15,8.7291678506364981e-16)   (6.9749196521333862e-16,1.5459335814710603e-15)   (7.7654298582920488e-16,3.8345519537491818e-16) (-1.6402933493445062e-15,-1.1539594773031802e-15)  (-2.4555128814264591e-16,1.0516722570596452e-15)    (-2.8466549358659e-16,-4.5743019419262136e-16)  (-2.4483171047400775e-16,1.9341666950422508e-16)   (3.8383829381852445e-16,7.4818743571755626e-16)  (-2.7173716628321841e-16,2.9576399860321287e-16)
  (-8.583849782117567e-16,1.0098055075544465e-15) (-9.5241999541277364e-16,-1.0069987923529191e-15)    (-7.3868037350417175e-16,8.00625664971286e-16)   (4.8705591024777432e-16,3.7349287533222005e-16)  (-3.2212985253658106e-16,5.8878404199302487e-16)   (8.0061397299487126e-16,4.5363950279264028e-16)  (-3.3207914068641925e-16,8.2820827095956608e-16)   (-4.807669489098866e-16,3.4434994146832512e-16) (-5.2516022254764601e-16,-2.1044351674594214e-16) (-1.7838044934075621e-16,-6.3505202836850506e-16)       (1.0000000000000056,-2.430820093490539e-16)     (5.3385462634600856e-16,-0.50630307069386848)    (-0.29977757649313475,-9.8912177268463907e-16)    (-7.7948009977817505e-16,0.086093962429716342)    (-0.017396598890192738,5.4851594578971586e-16)       (4.267416927013031e-17,0.23781317125403589)    (-0.16700327280237892,-4.9470376382238484e-16)     (-7.2013611581296062e-16,0.23753678779957621)     (0.94304828048345213,-2.8288448664463334e-16)        (5.0006883120282875e-16,1.276975171931547)
 (-3.9710163983130425e-16,5.2263561630672615e-16)  (-2.9133021313141388e-15,2.4769057103404426e-15)   (2.4292132620803549e-15,2.6282006451169047e-15)  (7.1930785820942521e-16,-1.1872297066916718e-16)   (8.2208665506366623e-16,1.6450987582927978e-15)   (-1.338919275465294e-15,9.5861032848592186e-16) (-3.0245714805712977e-16,-5.3240819217416636e-16)    (-9.72536036857185e-16,2.5969778267321469e-16) (-6.3198785206639061e-16,-3.4894099602088494e-16)  (7.9422589254440798e-17,-7.2294038634331613e-16)      (4.4834205276515531e-16,0.50630307069388802)      (1.0000000000000362,-8.7382970274111868e-16)     (-8.7852476837410566e-16,-1.0230283369177595)       (-0.77995354423986463,3.43329556948594e-16)       (4.6237666631089399e-17,0.5362681956062092)     (0.038984352569661374,4.9361603474218344e-16)     (4.1432014255049239e-16,-0.17089546892108998)     (-0.2564557088863737,-1.4062000809089005e-16)    (-2.5111582590808874e-17,-0.23676764257825522)     (0.012676414577840633,4.8597822451986019e-17)
    (5.949452964354815e-17,9.417594996972011e-16)   (9.8308355800255956e-16,3.1358804658389338e-15)  (3.0650711988667766e-15,-1.2261328943345827e-15)  (8.7994245676908705e-16,-4.7615547462807758e-16)    (1.9160604101542386e-15,1.469319430162111e-17)    (1.9759084037551078e-15,1.522723238070028e-15)  (-3.8091739073578828e-16,1.2321750981457394e-15)   (-2.2014491962633588e-17,1.076588013929847e-15)  (-3.1193822631465683e-16,8.3342873171033805e-16) (-1.2071417481612084e-15,-1.4505857460898245e-16)      (0.29977757649317138,-4.680942467945145e-16)      (-4.7637175688404988e-16,1.0230283369176969)       (0.99999999999998734,2.033439972316622e-16)     (-3.3943328543806499e-16,0.54160482961083434)      (0.83453276564836543,4.9392509768652036e-16)    (5.9660965327239926e-16,-0.097575843133745871)     (0.22221847800364869,-7.9808067403990216e-16)    (-6.3372500777580506e-16,-0.40361465274459807)      (1.0728065590574676,-8.7537677859550142e-17)       (2.2208814615085321e-16,1.2141902218249678)
  (4.5415926496878202e-16,2.3674145625754339e-16)  (1.4120138115056569e-15,-5.2450601285837936e-16) (-4.9793843217315861e-16,-1.4333104253399386e-15) (-5.9250419476481384e-17,-4.9373248656017023e-16)  (1.5310254591264304e-16,-9.1752206651179315e-16)  (9.8488469831289186e-16,-9.7161492044454435e-16)   (4.7374696709238414e-16,2.6053201015641687e-16)     (1.136411775747517e-15,2.036107070869292e-16)   (9.8255762569376093e-17,3.3041479725256599e-16)  (-1.8775938369644426e-16,3.5078924960101433e-16)   (-1.9458169937692116e-16,-0.086093962429726334)      (0.77995354423983843,9.6179226852196554e-17)    (-9.3652743142132138e-17,-0.54160482961082801)       (0.9999999999999909,3.1062456136878478e-16)      (3.3563654493340683e-16,-1.1978503095955126)    (-0.19891166461874515,-2.6438496882912084e-16)   (-4.4010503732931858e-16,-0.058434871699682533)      (-0.17353387595358649,4.066540609939941e-16)      (-4.086054450283968e-17,-0.7103063513290383)      (0.75202106712685102,-1.167980883267281e-16)
  (3.2422287900120333e-17,3.4903587082833373e-17)  (3.0122537302159879e-16,-1.4537859258300444e-15) (-1.4011939540587338e-15,-5.5897156342027232e-17)  (-3.1721589496824283e-16,3.9200980345517593e-16) (-1.1431036605058004e-15,-1.5654457144416129e-16)   (-3.9987511236792831e-16,5.177782632722201e-17) (-7.2002504122671035e-16,-6.3086673093090284e-16) (-4.3034726808822723e-17,-9.1498518085135879e-17) (-2.0410747996927913e-16,-2.9066396139406272e-16)  (2.8987737842387402e-16,-1.9861705082293003e-16)     (0.017396598890193182,9.6075692062810882e-17)    (-1.2164926551049127e-17,-0.53626819560618477)     (-0.83453276564833057,1.4072486931874777e-16)       (2.1806542718792273e-16,1.1978503095954873)      (1.0000000000000098,-2.0492973684273784e-16)    (-1.1304463621086965e-16,0.023595015779640433)      (0.19780921869136314,2.4179070430732254e-16)    (2.5238631416256599e-16,-0.056320270336797096)      (-0.40296455948034759,2.455357940771529e-17)     (-7.6924574219472747e-17,-0.4148479990893153)
  (1.7873339355063686e-16,3.0034376730271474e-16)   (-6.109593963455617e-16,1.3144042861017494e-16)   (1.6600246892523488e-16,4.7642641472292877e-16)  (4.3446549147096858e-16,-4.1771102321285223e-17)  (-2.7179199706942045e-17,5.2182335836848148e-16)    (4.0863841416091524e-16,3.022049075378641e-17)  (-3.1326329273816942e-16,4.9044602044289081e-16)   (2.3763915446900097e-16,2.3721437129176818e-16) (-1.4257652044029707e-16,-8.2842471861425311e-17)  (5.5833935739274729e-17,-3.9625786144739119e-17)     (1.7315030563114721e-16,-0.23781317125404455)   (-0.038984352569652714,-1.4328045722057275e-16)    (-1.0399678534262527e-16,0.097575843133722362)      (0.19891166461872822,1.2597122971372014e-16)    (1.0209168564436943e-16,-0.023595015779642736)     (0.99999999999999745,-1.5898053942909065e-18)      (8.4382210062641866e-18,-1.3782529253199645)     (-1.0065788273043581,-1.4538261544108993e-17)     (4.7078284644892766e-17,-0.44130073383171364)       (0.3266095107940028,1.2997965906901688e-16)
 (-2.2269370446843727e-16,8.1029838771038414e-16)  (-5.0368595432183289e-17,2.4271293340364275e-16)  (3.2208529949914485e-16,-5.4521311453861682e-17)    (5.109930850280577e-16,5.9281387282486077e-16)  (-4.3727253981498889e-16,2.7788284441164069e-16)   (4.4794838928008081e-16,5.6892986645076035e-16)  (-3.6169541756347409e-16,3.7906138694909074e-17)  (-4.7779902167955446e-16,7.2084948407171026e-16)  (-3.5945619256065056e-16,-1.853073369673863e-16) (-1.6264486844560138e-16,-2.9360609872699441e-16)      (0.16700327280239846,1.7057611783675605e-17)       (2.199626962287426e-16,0.17089546892109042)    (-0.22221847800362493,-4.0080316919077282e-16)    (-5.3835206087347234e-16,0.058434871699682214)     (-0.19780921869134932,4.6436596454526402e-16)        (1.1085206276028233e-16,1.378252925319952)      (1.0000000000000124,-2.5244306037388127e-16)    (-2.9755251234072762e-16,-0.33774906945803607)      (1.3175984343706943,-4.3765905326241579e-17)      (5.6397146972661089e-17,0.89788073303197058)
  (1.5743628574802364e-15,4.5881440328095815e-16)   (3.8489621485244859e-16,1.3082740250689215e-16) (-1.1025142469667697e-17,-5.6975317403170051e-16)  (8.1701027075916206e-16,-7.8908766629069477e-16)   (4.7145683821665346e-16,4.2036876226668412e-16)  (9.7733310439145128e-16,-9.3211347705849254e-16)    (4.062930893717338e-16,5.2496187005094337e-16)   (9.1631347656301375e-16,3.4899266846572203e-16)  (-9.9088297487118404e-17,3.3453146514046858e-16)  (-2.9252377902190988e-16,4.4640650946603024e-16)     (3.4558039916089133e-17,-0.23753678779960929)     (0.25645570888636859,-3.5636654345920974e-16)     (-6.3785723051093257e-16,0.40361465274456609)      (0.17353387595358694,8.4667306985877462e-16)     (7.3350854945070119e-16,0.056320270336783107)      (1.0065788273043395,-2.0655126080896162e-16)     (-4.5219145532532317e-16,0.33774906945799854)      (0.99999999999996936,5.1224398407761816e-16)     (-6.9679244523152237e-17,-2.0453253086223953)      (1.5526899452338401,-8.0706152567961931e-17)
 (-4.9142225025779422e-17,3.1368689271610997e-16)     (2.39395993520696e-15,8.5428427605329671e-16)  (6.5398645242468947e-16,-2.1476331962251909e-15) (-3.9302713098335054e-16,-5.3857966280229133e-16)  (8.7265213765536744e-16,-7.9339464139303884e-16)   (9.1926180981769222e-16,1.7448105578294523e-15)  (-1.2087849545400736e-15,3.9993163790064379e-16)   (-4.0051026853384237e-16,1.423218531605013e-15)  (-1.3451334458851224e-15,2.9984271656844723e-17)  (-2.541513202307185e-16,-1.0769429298739715e-15)    (-0.94304828048344924,-8.6444855846231085e-16)     (-6.4404467882521281e-16,0.23676764257820482)      (-1.0728065590575246,3.2494175459626275e-16)      (1.9202279984458918e-16,0.71030635132906239)     (0.40296455948036525,-5.2319731255518357e-17)       (3.786444328356096e-16,0.44130073383171453)       (-1.317598434370709,-6.189215528384248e-16)       (-5.5784916998802148e-16,2.045325308622421)     (0.99999999999998646,-2.7232774215917722e-16)     (6.3764291664485359e-16,0.002014411631673152)
  (-8.555880315638086e-16,-6.364550814479034e-16)  (-4.7073012130269328e-16,1.1778428322225964e-15)   (1.4172840538707844e-15,4.8379421215895526e-16)   (2.358119962798515e-16,-5.7507295796341787e-17)   (3.7775095949718568e-16,7.2916337193245509e-16)  (-1.8991328780681128e-15,1.3424001636104943e-15) (-1.0974798648688738e-15,-1.2941061979709609e-15) (-1.5454558397490655e-15,-5.8848832463038921e-16) (-2.6440996320964852e-16,-1.4118319153476616e-15)  (1.2527433200362394e-15,-5.8085214330249042e-16)       (8.7461190114868174e-16,-1.276975171931531)   (-0.012676414577803496,-2.3430906626957157e-16)      (3.2785773248945321e-16,-1.2141902218249938)    (-0.75202106712686523,-3.8725388070397634e-16)     (-3.7676747306081721e-16,0.41484799908933356)     (-0.32660951079399503,4.1228738386253911e-16)     (9.0388979856877737e-16,-0.89788073303196569)     (-1.5526899452338316,-9.6741339878185939e-16)   (3.9369464313047213e-16,-0.0020144116317016014)       (1.0000000000000082,8.2198951418883786e-16)