                     (0,0)    (0,0.99999999992449728)                      (0,0)                      (0,0)                      (0,0)                      (0,0)                      (0,0)                      (0,0)                      (0,0)                      (0,0)                      (0,0)                      (0,0)                      (0,0)                      (0,0)                      (0,0)                      (0,0)                      (0,0)                      (0,0)                      (0,0)                      (0,0)
  (0,-0.99999999992449728)                      (0,0)                      (0,0)                      (0,0)                      (0,0)                      (0,0)                      (0,0)                      (0,0)                      (0,0)                      (0,0)                      (0,0)                      (0,0)                      (0,0)                      (0,0)                      (0,0)                      (0,0)                      (0,0)                      (0,0)                      (0,0)                      (0,0)
                     (0,0)                      (0,0)                      (0,0)    (0,0.99999999992449728)                      (0,0)                      (0,0)                      (0,0)                      (0,0)                      (0,0)                      (0,0)                      (0,0)                      (0,0)                      (0,0)                      (0,0)                      (0,0)                      (0,0)                      (0,0)                      (0,0)                      (0,0)                      (0,0)
                     (0,0)                      (0,0)   (0,-0.99999999992449728)                      (0,0)                      (0,0)                      (0,0)                      (0,0)                      (0,0)                      (0,0)                      (0,0)                      (0,0)                      (0,0)                      (0,0)                      (0,0)                      (0,0)                      (0,0)                      (0,0)                      (0,0)                      (0,0)                      (0,0)
                     (0,0)                      (0,0)                      (0,0)                      (0,0)                      (0,0)    (0,0.99999999992449728)                      (0,0)                      (0,0)                      (0,0)                      (0,0)                      (0,0)                      (0,0)                      (0,0)                      (0,0)                      (0,0)                      (0,0)                      (0,0)                      (0,0)                      (0,0)                      (0,0)
                     (0,0)                      (0,0)                      (0,0)                      (0,0)   (0,-0.99999999992449728)                      (0,0)                      (0,0)                      (0,0)                      (0,0)                      (0,0)                      (0,0)                      (0,0)                      (0,0)                      (0,0)                      (0,0)                      (0,0)                      (0,0)                      (0,0)                      (0,0)                      (0,0)
                     (0,0)                      (0,0)                      (0,0)                      (0,0)                      (0,0)                      (0,0)                      (0,0)    (0,0.99999999992449728)                      (0,0)                      (0,0)                      (0,0)                      (0,0)                      (0,0)                      (0,0)                      (0,0)                      (0,0)                      (0,0)                      (0,0)                      (0,0)                      (0,0)
                     (0,0)                      (0,0)                      (0,0)                      (0,0)                      (0,0)                      (0,0)   (0,-0.99999999992449728)                      (0,0)                      (0,0)                      (0,0)                      (0,0)                      (0,0)                      (0,0)                      (0,0)                      (0,0)                      (0,0)                      (0,0)                      (0,0)                      (0,0)                      (0,0)
                     (0,0)                      (0,0)                      (0,0)                      (0,0)                      (0,0)                      (0,0)                      (0,0)                      (0,0)                      (0,0)    (0,0.99999999992449728)                      (0,0)                      (0,0)                      (0,0)                      (0,0)                      (0,0)                      (0,0)                      (0,0)                      (0,0)                      (0,0)                      (0,0)
                     (0,0)                      (0,0)                      (0,0)                      (0,0)                      (0,0)                      (0,0)                      (0,0)                      (0,0)   (0,-0.99999999992449728)                      (0,0)                      (0,0)                      (0,0)                      (0,0)                      (0,0)                      (0,0)                      (0,0)                      (0,0)                      (0,0)                      (0,0)                      (0,0)
                     (0,0)                      (0,0)                      (0,0)                      (0,0)                      (0,0)                      (0,0)                      (0,0)                      (0,0)                      (0,0)                      (0,0) (9.5367522590095177e-07,0)                      (0,0)                      (0,0)                      (0,0)                      (0,0)                      (0,0)                      (0,0)                      (0,0)                      (0,0)     (0,1.0000009535997232)
                     (0,0)                      (0,0)                      (0,0)                      (0,0)                      (0,0)                      (0,0)                      (0,0)                      (0,0)                      (0,0)                      (0,0)                      (0,0)                      (0,0)   (0,-0.99999999992449728)                      (0,0)                      (0,0)                      (0,0)                      (0,0)                      (0,0)                      (0,0)                      (0,0)
                     (0,0)                      (0,0)                      (0,0)                      (0,0)                      (0,0)                      (0,0)                      (0,0)                      (0,0)                      (0,0)                      (0,0)                      (0,0)    (0,0.99999999992449728)                      (0,0)                      (0,0)                      (0,0)                      (0,0)                      (0,0)                      (0,0)                      (0,0)                      (0,0)
                     (0,0)                      (0,0)                      (0,0)                      (0,0)                      (0,0)                      (0,0)                      (0,0)                      (0,0)                      (0,0)                      (0,0)                      (0,0)                      (0,0)                      (0,0)                      (0,0)   (0,-0.99999999992449728)                      (0,0)                      (0,0)                      (0,0)                      (0,0)                      (0,0)
                     (0,0)                      (0,0)                      (0,0)                      (0,0)                      (0,0)                      (0,0)                      (0,0)                      (0,0)                      (0,0)                      (0,0)                      (0,0)                      (0,0)                      (0,0)    (0,0.99999999992449728)                      (0,0)                      (0,0)                      (0,0)                      (0,0)                      (0,0)                      (0,0)
                     (0,0)                      (0,0)                      (0,0)                      (0,0)                      (0,0)                      (0,0)                      (0,0)                      (0,0)                      (0,0)                      (0,0)                      (0,0)                      (0,0)                      (0,0)                      (0,0)                      (0,0)                      (0,0)   (0,-0.99999999992449728)                      (0,0)                      (0,0)                      (0,0)
                     (0,0)                      (0,0)                      (0,0)                      (0,0)                      (0,0)                      (0,0)                      (0,0)                      (0,0)                      (0,0)                      (0,0)                      (0,0)                      (0,0)                      (0,0)                      (0,0)                      (0,0)    (0,0.99999999992449728)                      (0,0)                      (0,0)                      (0,0)                      (0,0)
                     (0,0)                      (0,0)                      (0,0)                      (0,0)                      (0,0)                      (0,0)                      (0,0)                      (0,0)                      (0,0)                      (0,0)                      (0,0)                      (0,0)                      (0,0)                      (0,0)                      (0,0)                      (0,0)                      (0,0) (9.5367522590095177e-07,0)    (0,-1.0000009535997232)                      (0,0)
                     (0,0)                      (0,0)                      (0,0)                      (0,0)                      (0,0)                      (0,0)                      (0,0)                      (0,0)                      (0,0)                      (0,0)                      (0,0)                      (0,0)                      (0,0)                      (0,0)                      (0,0)                      (0,0)                      (0,0)     (0,1.0000009535997232) (9.5367522590095177e-07,0)                      (0,0)
                     (0,0)                      (0,0)                      (0,0)                      (0,0)                      (0,0)                      (0,0)                      (0,0)                      (0,0)                      (0,0)                      (0,0)    (0,-1.0000009535997232)                      (0,0)                      (0,0)                      (0,0)                      (0,0)                      (0,0)                      (0,0)                      (0,0)                      (0,0) (9.5367522590095177e-07,0)
