(1.1368683772161603e-13,0)    (0,0.99932929973918072)                      (0,0)                      (0,0)                      (0,0)                      (0,0)                      (0,0)                      (0,0)                      (0,0)                      (0,0)                      (0,0)                      (0,0)                      (0,0)                      (0,0)                      (0,0)                      (0,0)                      (0,0)                      (0,0)                      (0,0)                      (0,0)
  (0,-0.99932929973918072) (1.1368683772161603e-13,0)                      (0,0)                      (0,0)                      (0,0)                      (0,0)                      (0,0)                      (0,0)                      (0,0)                      (0,0)                      (0,0)                      (0,0)                      (0,0)                      (0,0)                      (0,0)                      (0,0)                      (0,0)                      (0,0)                      (0,0)                      (0,0)
                     (0,0)                      (0,0) (1.1368683772161603e-13,0)    (0,0.99932929973918072)                      (0,0)                      (0,0)                      (0,0)                      (0,0)                      (0,0)                      (0,0)                      (0,0)                      (0,0)                      (0,0)                      (0,0)                      (0,0)                      (0,0)                      (0,0)                      (0,0)                      (0,0)                      (0,0)
                     (0,0)                      (0,0)   (0,-0.99932929973918072) (1.1368683772161603e-13,0)                      (0,0)                      (0,0)                      (0,0)                      (0,0)                      (0,0)                      (0,0)                      (0,0)                      (0,0)                      (0,0)                      (0,0)                      (0,0)                      (0,0)                      (0,0)                      (0,0)                      (0,0)                      (0,0)
                     (0,0)                      (0,0)                      (0,0)                      (0,0) (1.1368683772161603e-13,0)    (0,0.99932929973918072)                      (0,0)                      (0,0)                      (0,0)                      (0,0)                      (0,0)                      (0,0)                      (0,0)                      (0,0)                      (0,0)                      (0,0)                      (0,0)                      (0,0)                      (0,0)                      (0,0)
                     (0,0)                      (0,0)                      (0,0)                      (0,0)   (0,-0.99932929973918072) (1.1368683772161603e-13,0)                      (0,0)                      (0,0)                      (0,0)                      (0,0)                      (0,0)                      (0,0)                      (0,0)                      (0,0)                      (0,0)                      (0,0)                      (0,0)                      (0,0)                      (0,0)                      (0,0)
                     (0,0)                      (0,0)                      (0,0)                      (0,0)                      (0,0)                      (0,0) (1.1368683772161603e-13,0)    (0,0.99932929973918072)                      (0,0)                      (0,0)                      (0,0)                      (0,0)                      (0,0)                      (0,0)                      (0,0)                      (0,0)                      (0,0)                      (0,0)                      (0,0)                      (0,0)
                     (0,0)                      (0,0)                      (0,0)                      (0,0)                      (0,0)                      (0,0)   (0,-0.99932929973918072) (1.1368683772161603e-13,0)                      (0,0)                      (0,0)                      (0,0)                      (0,0)                      (0,0)                      (0,0)                      (0,0)                      (0,0)                      (0,0)                      (0,0)                      (0,0)                      (0,0)
                     (0,0)                      (0,0)                      (0,0)                      (0,0)                      (0,0)                      (0,0)                      (0,0)                      (0,0) (1.1368683772161603e-13,0)    (0,0.99932929973918072)                      (0,0)                      (0,0)                      (0,0)                      (0,0)                      (0,0)                      (0,0)                      (0,0)                      (0,0)                      (0,0)                      (0,0)
                     (0,0)                      (0,0)                      (0,0)                      (0,0)                      (0,0)                      (0,0)                      (0,0)                      (0,0)   (0,-0.99932929973918072) (1.1368683772161603e-13,0)                      (0,0)                      (0,0)                      (0,0)                      (0,0)                      (0,0)                      (0,0)                      (0,0)                      (0,0)                      (0,0)                      (0,0)
                     (0,0)                      (0,0)                      (0,0)                      (0,0)                      (0,0)                      (0,0)                      (0,0)                      (0,0)                      (0,0)                      (0,0)                      (0,0)                      (0,0)                      (0,0)                      (0,0)                      (0,0)                      (0,0)                      (0,0)                      (0,0)                      (0,0)    (0,0.99932929973906715)
                     (0,0)                      (0,0)                      (0,0)                      (0,0)                      (0,0)                      (0,0)                      (0,0)                      (0,0)                      (0,0)                      (0,0)                      (0,0) (1.1368683772161603e-13,0)   (0,-0.99932929973918072)                      (0,0)                      (0,0)                      (0,0)                      (0,0)                      (0,0)                      (0,0)                      (0,0)
                     (0,0)                      (0,0)                      (0,0)                      (0,0)                      (0,0)                      (0,0)                      (0,0)                      (0,0)                      (0,0)                      (0,0)                      (0,0)    (0,0.99932929973918072) (1.1368683772161603e-13,0)                      (0,0)                      (0,0)                      (0,0)                      (0,0)                      (0,0)                      (0,0)                      (0,0)
                     (0,0)                      (0,0)                      (0,0)                      (0,0)                      (0,0)                      (0,0)                      (0,0)                      (0,0)                      (0,0)                      (0,0)                      (0,0)                      (0,0)                      (0,0) (1.1368683772161603e-13,0)   (0,-0.99932929973918072)                      (0,0)                      (0,0)                      (0,0)                      (0,0)                      (0,0)
                     (0,0)                      (0,0)                      (0,0)                      (0,0)                      (0,0)                      (0,0)                      (0,0)                      (0,0)                      (0,0)                      (0,0)                      (0,0)                      (0,0)                      (0,0)    (0,0.99932929973918072) (1.1368683772161603e-13,0)                      (0,0)                      (0,0)                      (0,0)                      (0,0)                      (0,0)
                     (0,0)                      (0,0)                      (0,0)                      (0,0)                      (0,0)                      (0,0)                      (0,0)                      (0,0)                      (0,0)                      (0,0)                      (0,0)                      (0,0)                      (0,0)                      (0,0)                      (0,0) (1.1368683772161603e-13,0)   (0,-0.99932929973918072)                      (0,0)                      (0,0)                      (0,0)
                     (0,0)                      (0,0)                      (0,0)                      (0,0)                      (0,0)                      (0,0)                      (0,0)                      (0,0)                      (0,0)                      (0,0)                      (0,0)                      (0,0)                      (0,0)                      (0,0)                      (0,0)    (0,0.99932929973918072) (1.1368683772161603e-13,0)                      (0,0)                      (0,0)                      (0,0)
                     (0,0)                      (0,0)                      (0,0)                      (0,0)                      (0,0)                      (0,0)                      (0,0)                      (0,0)                      (0,0)                      (0,0)                      (0,0)                      (0,0)                      (0,0)                      (0,0)                      (0,0)                      (0,0)                      (0,0)                      (0,0)   (0,-0.99932929973906715)                      (0,0)
                     (0,0)                      (0,0)                      (0,0)                      (0,0)                      (0,0)                      (0,0)                      (0,0)                      (0,0)                      (0,0)                      (0,0)                      (0,0)                      (0,0)                      (0,0)                      (0,0)                      (0,0)                      (0,0)                      (0,0)    (0,0.99932929973906703)                      (0,0)                      (0,0)
                     (0,0)                      (0,0)                      (0,0)                      (0,0)                      (0,0)                      (0,0)                      (0,0)                      (0,0)                      (0,0)                      (0,0)   (0,-0.99932929973906703)                      (0,0)                      (0,0)                      (0,0)                      (0,0)                      (0,0)                      (0,0)                      (0,0)                      (0,0)                      (0,0)
